#ies_format_version: 1.0
#file: 20250730_3000.dat
#file_info: generated by AsciiLoger of OpenMUC
#timezone: + 5
#timestep_sec: 3.0
#col_no;	col_name;	confidential;	measured;	unit;	category;	comment
#001;	YYYYMMDD;	FALSE;	FALSE;	0;	time;	INTEGER,8. Date [human readable]
#002;	hhmmss;	FALSE;	FALSE;	0;	time;	SHORT,6. Time [human readable]
#003;	unixtimestamp;	FALSE;	FALSE;	s;	time;	DOUBLE,14. lapsed seconds from 01-01-1970
#004;	device-1_A_31;	FALSE;	TRUE;	0;	other;	INTEGER,12. -
#005;	device-2_B_32;	FALSE;	TRUE;	0;	other;	BOOLEAN,6. -
YYYYMMDD;	hhmmss;	unixtimestamp;	device-1_A_31;	device-2_B_32
20250730;	172054;	1753876254.000;	        err7;	  err7
20250730;	172057;	1753876257.000;	           0;	     1
20250730;	172100;	1753876260.000;	           0;	     1
20250730;	172103;	1753876263.000;	           0;	     1
20250730;	172106;	1753876266.000;	           0;	     1
20250730;	172109;	1753876269.000;	           0;	     1
20250730;	172112;	1753876272.000;	           0;	     1
20250730;	172115;	1753876275.000;	           0;	     1
20250730;	172118;	1753876278.000;	           0;	     1
20250730;	172121;	1753876281.000;	           0;	     1
20250730;	172124;	1753876284.000;	           0;	     1
20250730;	172127;	1753876287.000;	           0;	     1
20250730;	172130;	1753876290.000;	           0;	     1
20250730;	172133;	1753876293.000;	           0;	     1
20250730;	172136;	1753876296.000;	           0;	     1
20250730;	172139;	1753876299.000;	           0;	     1
20250730;	172142;	1753876302.000;	           0;	     1
20250730;	172145;	1753876305.000;	           0;	     1
20250730;	172148;	1753876308.000;	           0;	     1
20250730;	172151;	1753876311.000;	           0;	     1
20250730;	172154;	1753876314.000;	           0;	     1
20250730;	172157;	1753876317.000;	           0;	     1
20250730;	172200;	1753876320.000;	           0;	     1
20250730;	172203;	1753876323.000;	           0;	     1
20250730;	172206;	1753876326.000;	           0;	     1
20250730;	172209;	1753876329.000;	           0;	     1
20250730;	172212;	1753876332.000;	           0;	     1
20250730;	172215;	1753876335.000;	           0;	     1
20250730;	172218;	1753876338.000;	           0;	     1
20250730;	172221;	1753876341.000;	           0;	     1
20250730;	172224;	1753876344.000;	           0;	     1
20250730;	172227;	1753876347.000;	           0;	     1
20250730;	172230;	1753876350.000;	           0;	     1
20250730;	172233;	1753876353.000;	           0;	     1
20250730;	172236;	1753876356.000;	           0;	     1
20250730;	172239;	1753876359.000;	           0;	     1
20250730;	172242;	1753876362.000;	           0;	     1
20250730;	172245;	1753876365.000;	           0;	     1
20250730;	172248;	1753876368.000;	           0;	     1
20250730;	172251;	1753876371.000;	           0;	     1
20250730;	172254;	1753876374.000;	           0;	     1
20250730;	172257;	1753876377.000;	           0;	     1
20250730;	172300;	1753876380.000;	           0;	     1
20250730;	172303;	1753876383.000;	           0;	     1
20250730;	172306;	1753876386.000;	           0;	     1
20250730;	172309;	1753876389.000;	           0;	     1
20250730;	172312;	1753876392.000;	           0;	     1
20250730;	172315;	1753876395.000;	           0;	     1
20250730;	172318;	1753876398.000;	           0;	     1
20250730;	172321;	1753876401.000;	           0;	     1
20250730;	172324;	1753876404.000;	           0;	     1
20250730;	172327;	1753876407.000;	           0;	     1
20250730;	172330;	1753876410.000;	           0;	     1
20250730;	172333;	1753876413.000;	           0;	     1
20250730;	172336;	1753876416.000;	           0;	     1
20250730;	172339;	1753876419.000;	           0;	     1
20250730;	172342;	1753876422.000;	           0;	     1
20250730;	172345;	1753876425.000;	           0;	     1
20250730;	172348;	1753876428.000;	           0;	     1
20250730;	172351;	1753876431.000;	           0;	     1
20250730;	172354;	1753876434.000;	           0;	     1
20250730;	172357;	1753876437.000;	           0;	     1
20250730;	172400;	1753876440.000;	           0;	     1
20250730;	172403;	1753876443.000;	           0;	     1
20250730;	172406;	1753876446.000;	           0;	     1
20250730;	172409;	1753876449.000;	           0;	     1
20250730;	172412;	1753876452.000;	           0;	     1
20250730;	172415;	1753876455.000;	           0;	     1
20250730;	172418;	1753876458.000;	           0;	     1
20250730;	172421;	1753876461.000;	           0;	     1
20250730;	172424;	1753876464.000;	           0;	     1
20250730;	172427;	1753876467.000;	           0;	     1
20250730;	172430;	1753876470.000;	           0;	     1
20250730;	172433;	1753876473.000;	           0;	     1
20250730;	172436;	1753876476.000;	           0;	     1
20250730;	172439;	1753876479.000;	           0;	     1
20250730;	172442;	1753876482.000;	           0;	     1
20250730;	172445;	1753876485.000;	           0;	     1
20250730;	172448;	1753876488.000;	           0;	     1
20250730;	172451;	1753876491.000;	           0;	     1
20250730;	172454;	1753876494.000;	           0;	     1
20250730;	172457;	1753876497.000;	           0;	     1
20250730;	172500;	1753876500.000;	           0;	     1
20250730;	172503;	1753876503.000;	           0;	     1
20250730;	172506;	1753876506.000;	           0;	     1
20250730;	172509;	1753876509.000;	           0;	     1
20250730;	172512;	1753876512.000;	           0;	     1
20250730;	172515;	1753876515.000;	           0;	     1
20250730;	172518;	1753876518.000;	           0;	     1
20250730;	172521;	1753876521.000;	           0;	     1
20250730;	172524;	1753876524.000;	           0;	     1
20250730;	172527;	1753876527.000;	           0;	     1
20250730;	172530;	1753876530.000;	           0;	     1
20250730;	172533;	1753876533.000;	           0;	     1
20250730;	172536;	1753876536.000;	           0;	     1
20250730;	172539;	1753876539.000;	           0;	     1
20250730;	172542;	1753876542.000;	           0;	     1
20250730;	172545;	1753876545.000;	           0;	     1
20250730;	172548;	1753876548.000;	           0;	     1
20250730;	172551;	1753876551.000;	           0;	     1
20250730;	172554;	1753876554.000;	           0;	     1
20250730;	172557;	1753876557.000;	           0;	     1
20250730;	172600;	1753876560.000;	           0;	     1
20250730;	172603;	1753876563.000;	           0;	     1
20250730;	172606;	1753876566.000;	           0;	     1
20250730;	172609;	1753876569.000;	           0;	     1
20250730;	172612;	1753876572.000;	           0;	     1
20250730;	172615;	1753876575.000;	           0;	     1
20250730;	172618;	1753876578.000;	           0;	     1
20250730;	172621;	1753876581.000;	           0;	     1
20250730;	172624;	1753876584.000;	           0;	     1
20250730;	172627;	1753876587.000;	           0;	     1
20250730;	172630;	1753876590.000;	           0;	     1
20250730;	172633;	1753876593.000;	           0;	     1
20250730;	172636;	1753876596.000;	           0;	     1
20250730;	172639;	1753876599.000;	           0;	     1
20250730;	172642;	1753876602.000;	           0;	     1
20250730;	172645;	1753876605.000;	           0;	     1
20250730;	172648;	1753876608.000;	           0;	     1
20250730;	172651;	1753876611.000;	           0;	     1
20250730;	172654;	1753876614.000;	           0;	     1
20250730;	172657;	1753876617.000;	           0;	     1
20250730;	172700;	1753876620.000;	           0;	     1
20250730;	172703;	1753876623.000;	           0;	     1
20250730;	172706;	1753876626.000;	           0;	     1
20250730;	172709;	1753876629.000;	           0;	     1
20250730;	172712;	1753876632.000;	           0;	     1
20250730;	172715;	1753876635.000;	           0;	     1
20250730;	172718;	1753876638.000;	           0;	     1
20250730;	172721;	1753876641.000;	           0;	     1
20250730;	172724;	1753876644.000;	           0;	     1
20250730;	172727;	1753876647.000;	           0;	     1
20250730;	172730;	1753876650.000;	           0;	     1
20250730;	172733;	1753876653.000;	           0;	     1
20250730;	172736;	1753876656.000;	           0;	     1
20250730;	172739;	1753876659.000;	           0;	     1
20250730;	172742;	1753876662.000;	           0;	     1
20250730;	172745;	1753876665.000;	           0;	     1
20250730;	172748;	1753876668.000;	           0;	     1
20250730;	172751;	1753876671.000;	           0;	     1
20250730;	172754;	1753876674.000;	           0;	     1
20250730;	172757;	1753876677.000;	           0;	     1
20250730;	172800;	1753876680.000;	           0;	     1
20250730;	172803;	1753876683.000;	           0;	     1
20250730;	172806;	1753876686.000;	           0;	     1
20250730;	172809;	1753876689.000;	           0;	     1
20250730;	172812;	1753876692.000;	           0;	     1
20250730;	172815;	1753876695.000;	           0;	     1
20250730;	172818;	1753876698.000;	           0;	     1
20250730;	172821;	1753876701.000;	           0;	     1
20250730;	172824;	1753876704.000;	           0;	     1
20250730;	172827;	1753876707.000;	           0;	     1
20250730;	172830;	1753876710.000;	           0;	     1
20250730;	172833;	1753876713.000;	           0;	     1
20250730;	172836;	1753876716.000;	           0;	     1
20250730;	172839;	1753876719.000;	           0;	     1
20250730;	172842;	1753876722.000;	           0;	     1
20250730;	172845;	1753876725.000;	           0;	     1
20250730;	172848;	1753876728.000;	           0;	     1
20250730;	172851;	1753876731.000;	           0;	     1
20250730;	172854;	1753876734.000;	           0;	     1
20250730;	172857;	1753876737.000;	           0;	     1
20250730;	172900;	1753876740.000;	           0;	     1
20250730;	172903;	1753876743.000;	           0;	     1
20250730;	172906;	1753876746.000;	           0;	     1
20250730;	172909;	1753876749.000;	           0;	     1
20250730;	172912;	1753876752.000;	           0;	     1
20250730;	172915;	1753876755.000;	           0;	     1
20250730;	172918;	1753876758.000;	           0;	     1
20250730;	172921;	1753876761.000;	           0;	     1
20250730;	172924;	1753876764.000;	           0;	     1
20250730;	172927;	1753876767.000;	           0;	     1
20250730;	172930;	1753876770.000;	           0;	     1
20250730;	172933;	1753876773.000;	           0;	     1
20250730;	172936;	1753876776.000;	           0;	     1
20250730;	172939;	1753876779.000;	           0;	     1
20250730;	172942;	1753876782.000;	           0;	     1
20250730;	172945;	1753876785.000;	           0;	     1
20250730;	172948;	1753876788.000;	           0;	     1
20250730;	172951;	1753876791.000;	           0;	     1
20250730;	172954;	1753876794.000;	           0;	     1
20250730;	172957;	1753876797.000;	           0;	     1
20250730;	173000;	1753876800.000;	           0;	     1
20250730;	173003;	1753876803.000;	           0;	     1
20250730;	173006;	1753876806.000;	           0;	     1
20250730;	173009;	1753876809.000;	           0;	     1
20250730;	173012;	1753876812.000;	           0;	     1
20250730;	173015;	1753876815.000;	           0;	     1
20250730;	173018;	1753876818.000;	           0;	     1
20250730;	173021;	1753876821.000;	           0;	     1
20250730;	173024;	1753876824.000;	           0;	     1
20250730;	173027;	1753876827.000;	           0;	     1
20250730;	173030;	1753876830.000;	           0;	     1
20250730;	173033;	1753876833.000;	           0;	     1
20250730;	173036;	1753876836.000;	           0;	     1
20250730;	173039;	1753876839.000;	           0;	     1
20250730;	173042;	1753876842.000;	           0;	     1
20250730;	173045;	1753876845.000;	           0;	     1
20250730;	173048;	1753876848.000;	           0;	     1
20250730;	173051;	1753876851.000;	           0;	     1
20250730;	173054;	1753876854.000;	           0;	     1
20250730;	173057;	1753876857.000;	           0;	     1
20250730;	173100;	1753876860.000;	           0;	     1
20250730;	173103;	1753876863.000;	           0;	     1
20250730;	173106;	1753876866.000;	           0;	     1
20250730;	173109;	1753876869.000;	           0;	     1
20250730;	173112;	1753876872.000;	           0;	     1
20250730;	173115;	1753876875.000;	           0;	     1
20250730;	173118;	1753876878.000;	           0;	     1
20250730;	173121;	1753876881.000;	           0;	     1
20250730;	173124;	1753876884.000;	           0;	     1
20250730;	173127;	1753876887.000;	           0;	     1
20250730;	173130;	1753876890.000;	           0;	     1
20250730;	173133;	1753876893.000;	           0;	     1
20250730;	173136;	1753876896.000;	           0;	     1
20250730;	173139;	1753876899.000;	           0;	     1
20250730;	173142;	1753876902.000;	           0;	     1
20250730;	173145;	1753876905.000;	           0;	     1
20250730;	173148;	1753876908.000;	           0;	     1
20250730;	173151;	1753876911.000;	           0;	     1
20250730;	173154;	1753876914.000;	           0;	     1
20250730;	173157;	1753876917.000;	           0;	     1
20250730;	173200;	1753876920.000;	           0;	     1
20250730;	173203;	1753876923.000;	           0;	     1
20250730;	173206;	1753876926.000;	           0;	     1
20250730;	173209;	1753876929.000;	           0;	     1
20250730;	173212;	1753876932.000;	           0;	     1
20250730;	173215;	1753876935.000;	           0;	     1
20250730;	173218;	1753876938.000;	           0;	     1
20250730;	173221;	1753876941.000;	           0;	     1
20250730;	173224;	1753876944.000;	           0;	     1
20250730;	173227;	1753876947.000;	           0;	     1
20250730;	173230;	1753876950.000;	           0;	     1
20250730;	173233;	1753876953.000;	           0;	     1
20250730;	173236;	1753876956.000;	           0;	     1
20250730;	173239;	1753876959.000;	           0;	     1
20250730;	173242;	1753876962.000;	           0;	     1
20250730;	173245;	1753876965.000;	           0;	     1
20250730;	173248;	1753876968.000;	           0;	     1
20250730;	173251;	1753876971.000;	           0;	     1
20250730;	173254;	1753876974.000;	           0;	     1
20250730;	173257;	1753876977.000;	           0;	     1
20250730;	173300;	1753876980.000;	           0;	     1
20250730;	173303;	1753876983.000;	           0;	     1
20250730;	173306;	1753876986.000;	           0;	     1
20250730;	173309;	1753876989.000;	           0;	     1
20250730;	173312;	1753876992.000;	           0;	     1
20250730;	173315;	1753876995.000;	           0;	     1
20250730;	173318;	1753876998.000;	           0;	     1
20250730;	173321;	1753877001.000;	           0;	     1
20250730;	173324;	1753877004.000;	           0;	     1
20250730;	173327;	1753877007.000;	           0;	     1
20250730;	173330;	1753877010.000;	           0;	     1
20250730;	173333;	1753877013.000;	           0;	     1
20250730;	173336;	1753877016.000;	           0;	     1
20250730;	173339;	1753877019.000;	           0;	     1
20250730;	173342;	1753877022.000;	           0;	     1
20250730;	173345;	1753877025.000;	           0;	     1
20250730;	173348;	1753877028.000;	           0;	     1
20250730;	173351;	1753877031.000;	           0;	     1
20250730;	173354;	1753877034.000;	           0;	     1
20250730;	173357;	1753877037.000;	           0;	     1
20250730;	173400;	1753877040.000;	           0;	     1
20250730;	173403;	1753877043.000;	           0;	     1
20250730;	173406;	1753877046.000;	           0;	     1
20250730;	173409;	1753877049.000;	           0;	     1
20250730;	173412;	1753877052.000;	           0;	     1
20250730;	173415;	1753877055.000;	           0;	     1
20250730;	173418;	1753877058.000;	           0;	     1
20250730;	173421;	1753877061.000;	           0;	     1
20250730;	173424;	1753877064.000;	           0;	     1
20250730;	173427;	1753877067.000;	           0;	     1
20250730;	173430;	1753877070.000;	           0;	     1
20250730;	173433;	1753877073.000;	           0;	     1
20250730;	173436;	1753877076.000;	           0;	     1
20250730;	173439;	1753877079.000;	           0;	     1
20250730;	173442;	1753877082.000;	           0;	     1
20250730;	173445;	1753877085.000;	           0;	     1
20250730;	173448;	1753877088.000;	           0;	     1
20250730;	173451;	1753877091.000;	           0;	     1
20250730;	173454;	1753877094.000;	           0;	     1
20250730;	173457;	1753877097.000;	           0;	     1
20250730;	173500;	1753877100.000;	           0;	     1
20250730;	173503;	1753877103.000;	           0;	     1
20250730;	173506;	1753877106.000;	           0;	     1
20250730;	173509;	1753877109.000;	           0;	     1
20250730;	173512;	1753877112.000;	           0;	     1
20250730;	173515;	1753877115.000;	           0;	     1
20250730;	173518;	1753877118.000;	           0;	     1
20250730;	173521;	1753877121.000;	           0;	     1
20250730;	173524;	1753877124.000;	           0;	     1
20250730;	173527;	1753877127.000;	           0;	     1
20250730;	173530;	1753877130.000;	           0;	     1
20250730;	173533;	1753877133.000;	           0;	     1
20250730;	173536;	1753877136.000;	           0;	     1
20250730;	173539;	1753877139.000;	           0;	     1
20250730;	173542;	1753877142.000;	           0;	     1
20250730;	173545;	1753877145.000;	           0;	     1
20250730;	173548;	1753877148.000;	           0;	     1
20250730;	173551;	1753877151.000;	           0;	     1
20250730;	173554;	1753877154.000;	           0;	     1
20250730;	173557;	1753877157.000;	           0;	     1
20250730;	173600;	1753877160.000;	           0;	     1
20250730;	173603;	1753877163.000;	           0;	     1
20250730;	173606;	1753877166.000;	           0;	     1
20250730;	173609;	1753877169.000;	           0;	     1
20250730;	173612;	1753877172.000;	           0;	     1
20250730;	173615;	1753877175.000;	           0;	     1
20250730;	173618;	1753877178.000;	           0;	     1
20250730;	173621;	1753877181.000;	           0;	     1
20250730;	173624;	1753877184.000;	           0;	     1
20250730;	173627;	1753877187.000;	           0;	     1
20250730;	173630;	1753877190.000;	          12;	     1
20250730;	173633;	1753877193.000;	          12;	     1
20250730;	173636;	1753877196.000;	          12;	     1
20250730;	173639;	1753877199.000;	          12;	     1
20250730;	173642;	1753877202.000;	          12;	     1
20250730;	173645;	1753877205.000;	          12;	     1
20250730;	173648;	1753877208.000;	          12;	     1
20250730;	173651;	1753877211.000;	          12;	     1
20250730;	173654;	1753877214.000;	          12;	     1
20250730;	173657;	1753877217.000;	          12;	     1
20250730;	173700;	1753877220.000;	          12;	     1
20250730;	173703;	1753877223.000;	          12;	     1
20250730;	173706;	1753877226.000;	          12;	     1
20250730;	173709;	1753877229.000;	       err32;	 err32
20250730;	173712;	1753877232.000;	       err32;	 err32
20250730;	173715;	1753877235.000;	       err32;	 err32
20250730;	173718;	1753877238.000;	        err7;	  err7
20250730;	173721;	1753877241.000;	       err20;	     1
20250730;	173724;	1753877244.000;	       err20;	     1
20250730;	173727;	1753877247.000;	       err20;	     1
20250730;	173730;	1753877250.000;	       err20;	     1
20250730;	173733;	1753877253.000;	       err20;	     1
20250730;	173736;	1753877256.000;	       err20;	     1
20250730;	173739;	1753877259.000;	       err20;	     1
20250730;	173742;	1753877262.000;	       err20;	     1
20250730;	173745;	1753877265.000;	       err20;	     1
20250730;	173748;	1753877268.000;	       err20;	     1
20250730;	173751;	1753877271.000;	       err20;	     1
20250730;	173754;	1753877274.000;	       err20;	     1
20250730;	173757;	1753877277.000;	       err20;	     1
20250730;	173800;	1753877280.000;	       err20;	     1
20250730;	173803;	1753877283.000;	       err32;	 err32
20250730;	173806;	1753877286.000;	       err32;	 err32
20250730;	173809;	1753877289.000;	       err32;	 err32
20250730;	173812;	1753877292.000;	        err7;	  err7
20250730;	173815;	1753877295.000;	       err20;	     1
20250730;	173818;	1753877298.000;	       err20;	     1
20250730;	173821;	1753877301.000;	       err20;	     1
20250730;	173824;	1753877304.000;	       err20;	     1
20250730;	173827;	1753877307.000;	       err20;	     1
20250730;	173830;	1753877310.000;	       err20;	     1
20250730;	173833;	1753877313.000;	       err20;	     1
20250730;	173836;	1753877316.000;	       err20;	     1
20250730;	173839;	1753877319.000;	       err20;	     1
20250730;	173842;	1753877322.000;	           0;	     1
20250730;	173845;	1753877325.000;	           0;	     1
20250730;	173848;	1753877328.000;	           0;	     1
20250730;	173851;	1753877331.000;	           0;	     1
20250730;	173854;	1753877334.000;	           0;	     1
20250730;	173857;	1753877337.000;	           0;	     1
20250730;	173900;	1753877340.000;	           0;	     1
20250730;	173903;	1753877343.000;	           0;	     1
20250730;	173906;	1753877346.000;	           0;	     1
20250730;	173909;	1753877349.000;	           0;	     1
20250730;	173912;	1753877352.000;	           0;	     1
20250730;	173915;	1753877355.000;	           0;	     1
20250730;	173918;	1753877358.000;	           0;	     1
20250730;	173921;	1753877361.000;	           0;	     1
20250730;	173924;	1753877364.000;	           1;	     1
20250730;	173927;	1753877367.000;	           1;	     1
20250730;	173930;	1753877370.000;	           1;	     1
20250730;	173933;	1753877373.000;	           1;	     1
20250730;	173936;	1753877376.000;	           1;	     1
20250730;	173939;	1753877379.000;	           1;	     1
20250730;	173942;	1753877382.000;	           1;	     1
20250730;	173945;	1753877385.000;	           1;	     1
20250730;	173948;	1753877388.000;	           1;	     1
20250730;	173951;	1753877391.000;	           1;	     1
20250730;	173954;	1753877394.000;	           1;	     1
20250730;	173957;	1753877397.000;	           1;	     1
20250730;	174000;	1753877400.000;	           1;	     1
20250730;	174003;	1753877403.000;	           1;	     1
20250730;	174006;	1753877406.000;	           1;	     1
20250730;	174009;	1753877409.000;	           1;	     1
20250730;	174012;	1753877412.000;	           1;	     1
20250730;	174015;	1753877415.000;	           1;	     1
20250730;	174018;	1753877418.000;	           1;	     1
20250730;	174021;	1753877421.000;	           1;	     1
20250730;	174024;	1753877424.000;	           1;	     1
20250730;	174027;	1753877427.000;	           1;	     1
20250730;	174030;	1753877430.000;	           1;	     1
20250730;	174033;	1753877433.000;	           1;	     1
20250730;	174036;	1753877436.000;	           1;	     1
20250730;	174039;	1753877439.000;	           1;	     1
20250730;	174042;	1753877442.000;	           1;	     1
20250730;	174045;	1753877445.000;	           1;	     1
20250730;	174048;	1753877448.000;	           1;	     1
20250730;	174051;	1753877451.000;	           1;	     1
20250730;	174054;	1753877454.000;	           1;	     1
20250730;	174057;	1753877457.000;	           1;	     1
20250730;	174100;	1753877460.000;	           1;	     1
20250730;	174103;	1753877463.000;	           1;	     1
20250730;	174106;	1753877466.000;	           1;	     1
20250730;	174109;	1753877469.000;	           1;	     1
20250730;	174112;	1753877472.000;	           1;	     1
20250730;	174115;	1753877475.000;	           1;	     1
20250730;	174118;	1753877478.000;	           1;	     1
20250730;	174121;	1753877481.000;	           1;	     1
20250730;	174124;	1753877484.000;	           1;	     1
20250730;	174127;	1753877487.000;	           1;	     1
20250730;	174130;	1753877490.000;	           1;	     1
20250730;	174133;	1753877493.000;	           1;	     1
20250730;	174136;	1753877496.000;	           1;	     1
20250730;	174139;	1753877499.000;	           1;	     1
20250730;	174142;	1753877502.000;	           1;	     1
20250730;	174145;	1753877505.000;	           1;	     1
20250730;	174148;	1753877508.000;	           1;	     1
20250730;	174151;	1753877511.000;	           1;	     1
20250730;	174154;	1753877514.000;	           1;	     1
20250730;	174157;	1753877517.000;	           1;	     1
20250730;	174200;	1753877520.000;	           1;	     1
20250730;	174203;	1753877523.000;	           1;	     1
20250730;	174206;	1753877526.000;	           1;	     1
20250730;	174209;	1753877529.000;	           1;	     1
20250730;	174212;	1753877532.000;	           1;	     1
20250730;	174215;	1753877535.000;	           1;	     1
20250730;	174218;	1753877538.000;	           1;	     1
20250730;	174221;	1753877541.000;	           1;	     1
20250730;	174224;	1753877544.000;	           1;	     1
20250730;	174227;	1753877547.000;	           1;	     1
20250730;	174230;	1753877550.000;	           1;	     1
20250730;	174233;	1753877553.000;	           1;	     1
20250730;	174236;	1753877556.000;	           1;	     1
20250730;	174239;	1753877559.000;	           1;	     1
20250730;	174242;	1753877562.000;	           1;	     1
20250730;	174245;	1753877565.000;	           1;	     1
20250730;	174248;	1753877568.000;	           1;	     1
20250730;	174251;	1753877571.000;	           1;	     1
20250730;	174254;	1753877574.000;	           1;	     1
20250730;	174257;	1753877577.000;	           1;	     1
20250730;	174300;	1753877580.000;	           1;	     1
20250730;	174303;	1753877583.000;	           1;	     1
20250730;	174306;	1753877586.000;	           1;	     1
20250730;	174309;	1753877589.000;	       err32;	 err32
20250730;	174312;	1753877592.000;	       err32;	 err32
20250730;	174315;	1753877595.000;	       err32;	 err32
20250730;	174318;	1753877598.000;	        err7;	  err7
20250730;	174321;	1753877601.000;	       err20;	     1
20250730;	174324;	1753877604.000;	       err20;	     1
20250730;	174327;	1753877607.000;	       err20;	     1
20250730;	174330;	1753877610.000;	       err20;	     1
20250730;	174333;	1753877613.000;	       err20;	     1
20250730;	174336;	1753877616.000;	       err20;	     1
20250730;	174339;	1753877619.000;	           0;	     1
20250730;	174342;	1753877622.000;	           0;	     1
20250730;	174345;	1753877625.000;	           0;	     1
20250730;	174348;	1753877628.000;	           0;	     1
20250730;	174351;	1753877631.000;	           0;	     1
20250730;	174354;	1753877634.000;	           0;	     1
20250730;	174357;	1753877637.000;	           0;	     1
20250730;	174400;	1753877640.000;	           0;	     1
20250730;	174403;	1753877643.000;	           0;	     1
20250730;	174406;	1753877646.000;	           0;	     1
20250730;	174409;	1753877649.000;	           0;	     1
20250730;	174412;	1753877652.000;	           0;	     1
20250730;	174415;	1753877655.000;	           0;	     1
20250730;	174418;	1753877658.000;	           0;	     1
20250730;	174421;	1753877661.000;	           0;	     1
20250730;	174424;	1753877664.000;	           0;	     1
20250730;	174427;	1753877667.000;	           0;	     1
20250730;	174430;	1753877670.000;	           0;	     1
20250730;	174433;	1753877673.000;	           0;	     1
20250730;	174436;	1753877676.000;	           0;	     1
20250730;	174439;	1753877679.000;	           0;	     1
20250730;	174442;	1753877682.000;	           0;	     1
20250730;	174445;	1753877685.000;	           0;	     1
20250730;	174448;	1753877688.000;	           0;	     1
20250730;	174451;	1753877691.000;	           0;	     1
20250730;	174454;	1753877694.000;	           0;	     1
20250730;	174457;	1753877697.000;	           0;	     1
20250730;	174500;	1753877700.000;	           0;	     1
20250730;	174503;	1753877703.000;	           0;	     1
20250730;	174506;	1753877706.000;	           0;	     1
20250730;	174509;	1753877709.000;	           0;	     1
20250730;	174512;	1753877712.000;	           0;	     1
20250730;	174515;	1753877715.000;	           0;	     1
20250730;	174518;	1753877718.000;	           0;	     1
20250730;	174521;	1753877721.000;	           0;	     1
20250730;	174524;	1753877724.000;	           0;	     1
20250730;	174527;	1753877727.000;	           0;	     1
20250730;	174530;	1753877730.000;	           0;	     1
20250730;	174533;	1753877733.000;	           0;	     1
20250730;	174536;	1753877736.000;	           0;	     1
20250730;	174539;	1753877739.000;	           0;	     1
20250730;	174542;	1753877742.000;	           0;	     1
20250730;	174545;	1753877745.000;	           0;	     1
20250730;	174548;	1753877748.000;	           0;	     1
20250730;	174551;	1753877751.000;	           0;	     1
20250730;	174554;	1753877754.000;	           0;	     1
20250730;	174557;	1753877757.000;	           0;	     1
20250730;	174600;	1753877760.000;	           0;	     1
20250730;	174603;	1753877763.000;	           0;	     1
20250730;	174606;	1753877766.000;	           0;	     1
20250730;	174609;	1753877769.000;	           0;	     1
20250730;	174612;	1753877772.000;	           0;	     1
20250730;	174615;	1753877775.000;	           0;	     1
20250730;	174618;	1753877778.000;	           0;	     1
20250730;	174621;	1753877781.000;	           0;	     1
20250730;	174624;	1753877784.000;	           0;	     1
20250730;	174627;	1753877787.000;	           0;	     1
20250730;	174630;	1753877790.000;	           0;	     1
20250730;	174633;	1753877793.000;	           0;	     1
20250730;	174636;	1753877796.000;	           0;	     1
20250730;	174639;	1753877799.000;	           0;	     1
20250730;	174642;	1753877802.000;	           0;	     1
20250730;	174645;	1753877805.000;	           0;	     1
20250730;	174648;	1753877808.000;	           0;	     1
20250730;	174651;	1753877811.000;	           0;	     1
20250730;	174654;	1753877814.000;	           0;	     1
20250730;	174657;	1753877817.000;	           0;	     1
20250730;	174700;	1753877820.000;	           0;	     1
20250730;	174703;	1753877823.000;	           0;	     1
20250730;	174706;	1753877826.000;	           0;	     1
20250730;	174709;	1753877829.000;	           0;	     1
20250730;	174712;	1753877832.000;	           0;	     1
20250730;	174715;	1753877835.000;	           0;	     1
20250730;	174718;	1753877838.000;	           0;	     1
20250730;	174721;	1753877841.000;	           0;	     1
20250730;	174724;	1753877844.000;	           0;	     1
20250730;	174727;	1753877847.000;	           0;	     1
20250730;	174730;	1753877850.000;	           0;	     1
20250730;	174733;	1753877853.000;	           0;	     1
20250730;	174736;	1753877856.000;	           0;	     1
20250730;	174739;	1753877859.000;	           0;	     1
20250730;	174742;	1753877862.000;	           0;	     1
20250730;	174745;	1753877865.000;	           0;	     1
20250730;	174748;	1753877868.000;	           0;	     1
20250730;	174751;	1753877871.000;	           0;	     1
20250730;	174754;	1753877874.000;	           0;	     1
20250730;	174757;	1753877877.000;	           0;	     1
20250730;	174800;	1753877880.000;	           0;	     1
20250730;	174803;	1753877883.000;	           0;	     1
20250730;	174806;	1753877886.000;	           0;	     1
20250730;	174809;	1753877889.000;	           0;	     1
20250730;	174812;	1753877892.000;	           0;	     1
20250730;	174815;	1753877895.000;	           0;	     1
20250730;	174818;	1753877898.000;	           0;	     1
20250730;	174821;	1753877901.000;	           0;	     1
20250730;	174824;	1753877904.000;	           0;	     1
20250730;	174827;	1753877907.000;	           0;	     1
20250730;	174830;	1753877910.000;	           0;	     1
20250730;	174833;	1753877913.000;	           0;	     1
20250730;	174836;	1753877916.000;	           0;	     1
20250730;	174839;	1753877919.000;	           0;	     1
20250730;	174842;	1753877922.000;	           0;	     1
20250730;	174845;	1753877925.000;	           0;	     1
20250730;	174848;	1753877928.000;	           0;	     1
20250730;	174851;	1753877931.000;	           0;	     1
20250730;	174854;	1753877934.000;	           0;	     1
20250730;	174857;	1753877937.000;	           0;	     1
20250730;	174900;	1753877940.000;	           0;	     1
20250730;	174903;	1753877943.000;	           0;	     1
20250730;	174906;	1753877946.000;	           0;	     1
20250730;	174909;	1753877949.000;	           0;	     1
20250730;	174912;	1753877952.000;	           0;	     1
20250730;	174915;	1753877955.000;	           0;	     1
20250730;	174918;	1753877958.000;	           0;	     1
20250730;	174921;	1753877961.000;	           0;	     1
20250730;	174924;	1753877964.000;	           0;	     1
20250730;	174927;	1753877967.000;	           0;	     1
20250730;	174930;	1753877970.000;	           0;	     1
20250730;	174933;	1753877973.000;	           0;	     1
20250730;	174936;	1753877976.000;	           0;	     1
20250730;	174939;	1753877979.000;	           0;	     1
20250730;	174942;	1753877982.000;	           0;	     1
20250730;	174945;	1753877985.000;	           0;	     1
20250730;	174948;	1753877988.000;	           0;	     1
20250730;	174951;	1753877991.000;	           0;	     1
20250730;	174954;	1753877994.000;	           0;	     1
20250730;	174957;	1753877997.000;	           0;	     1
20250730;	175000;	1753878000.000;	           0;	     1
20250730;	175003;	1753878003.000;	           0;	     1
20250730;	175006;	1753878006.000;	           0;	     1
20250730;	175009;	1753878009.000;	           0;	     1
20250730;	175012;	1753878012.000;	           0;	     1
20250730;	175015;	1753878015.000;	           0;	     1
20250730;	175018;	1753878018.000;	           0;	     1
20250730;	175021;	1753878021.000;	           0;	     1
20250730;	175024;	1753878024.000;	           0;	     1
20250730;	175027;	1753878027.000;	           0;	     1
20250730;	175030;	1753878030.000;	           0;	     1
20250730;	175033;	1753878033.000;	           0;	     1
20250730;	175036;	1753878036.000;	           0;	     1
20250730;	175039;	1753878039.000;	           0;	     1
20250730;	175042;	1753878042.000;	           0;	     1
20250730;	175045;	1753878045.000;	           0;	     1
20250730;	175048;	1753878048.000;	           0;	     1
20250730;	175051;	1753878051.000;	           0;	     1
20250730;	175054;	1753878054.000;	           0;	     1
20250730;	175057;	1753878057.000;	           0;	     1
20250730;	175100;	1753878060.000;	           0;	     1
20250730;	175103;	1753878063.000;	           0;	     1
20250730;	175106;	1753878066.000;	           0;	     1
20250730;	175109;	1753878069.000;	           0;	     1
20250730;	175112;	1753878072.000;	           0;	     1
20250730;	175115;	1753878075.000;	           0;	     1
20250730;	175118;	1753878078.000;	           0;	     1
20250730;	175121;	1753878081.000;	           0;	     1
20250730;	175124;	1753878084.000;	           0;	     1
20250730;	175127;	1753878087.000;	           0;	     1
20250730;	175130;	1753878090.000;	           0;	     1
20250730;	175133;	1753878093.000;	           0;	     1
20250730;	175136;	1753878096.000;	           0;	     1
20250730;	175139;	1753878099.000;	           0;	     1
20250730;	175142;	1753878102.000;	           0;	     1
20250730;	175145;	1753878105.000;	           0;	     1
20250730;	175148;	1753878108.000;	           0;	     1
20250730;	175151;	1753878111.000;	           0;	     1
20250730;	175154;	1753878114.000;	           0;	     1
20250730;	175157;	1753878117.000;	           0;	     1
20250730;	175200;	1753878120.000;	           0;	     1
20250730;	175203;	1753878123.000;	           0;	     1
20250730;	175206;	1753878126.000;	           0;	     1
20250730;	175209;	1753878129.000;	           0;	     1
20250730;	175212;	1753878132.000;	           0;	     1
20250730;	175215;	1753878135.000;	           0;	     1
20250730;	175218;	1753878138.000;	           0;	     1
20250730;	175221;	1753878141.000;	           0;	     1
20250730;	175224;	1753878144.000;	           0;	     1
20250730;	175227;	1753878147.000;	           0;	     1
20250730;	175230;	1753878150.000;	           0;	     1
20250730;	175233;	1753878153.000;	           0;	     1
20250730;	175236;	1753878156.000;	           0;	     1
20250730;	175239;	1753878159.000;	           0;	     1
20250730;	175242;	1753878162.000;	           0;	     1
20250730;	175245;	1753878165.000;	           0;	     1
20250730;	175248;	1753878168.000;	           0;	     1
20250730;	175251;	1753878171.000;	           0;	     1
20250730;	175254;	1753878174.000;	           0;	     1
20250730;	175257;	1753878177.000;	           0;	     1
20250730;	175300;	1753878180.000;	           0;	     1
20250730;	175303;	1753878183.000;	           0;	     1
20250730;	175306;	1753878186.000;	           0;	     1
20250730;	175309;	1753878189.000;	           0;	     1
20250730;	175312;	1753878192.000;	           0;	     1
20250730;	175315;	1753878195.000;	           0;	     1
20250730;	175318;	1753878198.000;	           0;	     1
20250730;	175321;	1753878201.000;	           0;	     1
20250730;	175324;	1753878204.000;	           0;	     1
20250730;	175327;	1753878207.000;	           0;	     1
20250730;	175330;	1753878210.000;	           0;	     1
20250730;	175333;	1753878213.000;	           0;	     1
20250730;	175336;	1753878216.000;	           0;	     1
20250730;	175339;	1753878219.000;	           0;	     1
20250730;	175342;	1753878222.000;	           0;	     1
20250730;	175345;	1753878225.000;	           0;	     1
20250730;	175348;	1753878228.000;	           0;	     1
20250730;	175351;	1753878231.000;	           0;	     1
20250730;	175354;	1753878234.000;	           0;	     1
20250730;	175357;	1753878237.000;	           0;	     1
20250730;	175400;	1753878240.000;	           0;	     1
20250730;	175403;	1753878243.000;	           0;	     1
20250730;	175406;	1753878246.000;	           0;	     1
20250730;	175409;	1753878249.000;	           0;	     1
20250730;	175412;	1753878252.000;	           0;	     1
20250730;	175415;	1753878255.000;	           0;	     1
20250730;	175418;	1753878258.000;	           0;	     1
20250730;	175421;	1753878261.000;	           0;	     1
20250730;	175424;	1753878264.000;	           0;	     1
20250730;	175427;	1753878267.000;	           0;	     1
20250730;	175430;	1753878270.000;	           0;	     1
20250730;	175433;	1753878273.000;	           0;	     1
20250730;	175436;	1753878276.000;	           0;	     1
20250730;	175439;	1753878279.000;	           0;	     1
20250730;	175442;	1753878282.000;	           0;	     1
20250730;	175445;	1753878285.000;	           0;	     1
20250730;	175448;	1753878288.000;	           0;	     1
20250730;	175451;	1753878291.000;	           0;	     1
20250730;	175454;	1753878294.000;	           0;	     1
20250730;	175457;	1753878297.000;	           0;	     1
20250730;	175500;	1753878300.000;	           0;	     1
20250730;	175503;	1753878303.000;	           0;	     1
20250730;	175506;	1753878306.000;	           0;	     1
20250730;	175509;	1753878309.000;	           0;	     1
20250730;	175512;	1753878312.000;	           0;	     1
20250730;	175515;	1753878315.000;	           0;	     1
20250730;	175518;	1753878318.000;	           0;	     1
20250730;	175521;	1753878321.000;	           0;	     1
20250730;	175524;	1753878324.000;	           0;	     1
20250730;	175527;	1753878327.000;	           0;	     1
20250730;	175530;	1753878330.000;	           0;	     1
20250730;	175533;	1753878333.000;	           0;	     1
20250730;	175536;	1753878336.000;	           0;	     1
20250730;	175539;	1753878339.000;	           0;	     1
20250730;	175542;	1753878342.000;	           0;	     1
20250730;	175545;	1753878345.000;	           0;	     1
20250730;	175548;	1753878348.000;	           0;	     1
20250730;	175551;	1753878351.000;	           0;	     1
20250730;	175554;	1753878354.000;	           0;	     1
20250730;	175557;	1753878357.000;	           0;	     1
20250730;	175600;	1753878360.000;	           0;	     1
20250730;	175603;	1753878363.000;	           0;	     1
20250730;	175606;	1753878366.000;	           0;	     1
20250730;	175609;	1753878369.000;	           0;	     1
20250730;	175612;	1753878372.000;	           0;	     1
20250730;	175615;	1753878375.000;	           0;	     1
20250730;	175618;	1753878378.000;	           0;	     1
20250730;	175621;	1753878381.000;	           0;	     1
20250730;	175624;	1753878384.000;	           0;	     1
20250730;	175627;	1753878387.000;	           0;	     1
20250730;	175630;	1753878390.000;	           0;	     1
20250730;	175633;	1753878393.000;	           0;	     1
20250730;	175636;	1753878396.000;	           0;	     1
20250730;	175639;	1753878399.000;	           0;	     1
20250730;	175642;	1753878402.000;	           0;	     1
20250730;	175645;	1753878405.000;	           0;	     1
20250730;	175648;	1753878408.000;	           0;	     1
20250730;	175651;	1753878411.000;	           0;	     1
20250730;	175654;	1753878414.000;	           0;	     1
20250730;	175657;	1753878417.000;	           0;	     1
20250730;	175700;	1753878420.000;	           0;	     1
20250730;	175703;	1753878423.000;	           0;	     1
20250730;	175706;	1753878426.000;	           0;	     1
20250730;	175709;	1753878429.000;	           0;	     1
20250730;	175712;	1753878432.000;	           0;	     1
20250730;	175715;	1753878435.000;	           0;	     1
20250730;	175718;	1753878438.000;	           0;	     1
20250730;	175721;	1753878441.000;	           0;	     1
20250730;	175724;	1753878444.000;	           0;	     1
20250730;	175727;	1753878447.000;	           0;	     1
20250730;	175730;	1753878450.000;	           0;	     1
20250730;	175733;	1753878453.000;	           0;	     1
20250730;	175736;	1753878456.000;	           0;	     1
20250730;	175739;	1753878459.000;	           0;	     1
20250730;	175742;	1753878462.000;	           0;	     1
20250730;	175745;	1753878465.000;	           0;	     1
20250730;	175748;	1753878468.000;	           0;	     1
20250730;	175751;	1753878471.000;	           0;	     1
20250730;	175754;	1753878474.000;	           0;	     1
20250730;	175757;	1753878477.000;	           0;	     1
20250730;	175800;	1753878480.000;	           0;	     1
20250730;	175803;	1753878483.000;	           0;	     1
20250730;	175806;	1753878486.000;	           0;	     1
20250730;	175809;	1753878489.000;	           0;	     1
20250730;	175812;	1753878492.000;	           0;	     1
20250730;	175815;	1753878495.000;	           0;	     1
20250730;	175818;	1753878498.000;	           0;	     1
20250730;	175821;	1753878501.000;	           0;	     1
20250730;	175824;	1753878504.000;	           0;	     1
20250730;	175827;	1753878507.000;	           0;	     1
20250730;	175830;	1753878510.000;	           0;	     1
20250730;	175833;	1753878513.000;	           0;	     1
20250730;	175836;	1753878516.000;	           0;	     1
20250730;	175839;	1753878519.000;	           0;	     1
20250730;	175842;	1753878522.000;	           0;	     1
20250730;	175845;	1753878525.000;	           0;	     1
20250730;	175848;	1753878528.000;	           0;	     1
20250730;	175851;	1753878531.000;	           0;	     1
20250730;	175854;	1753878534.000;	           0;	     1
20250730;	175857;	1753878537.000;	           0;	     1
20250730;	175900;	1753878540.000;	           0;	     1
20250730;	175903;	1753878543.000;	           0;	     1
20250730;	175906;	1753878546.000;	           0;	     1
20250730;	175909;	1753878549.000;	           0;	     1
20250730;	175912;	1753878552.000;	           0;	     1
20250730;	175915;	1753878555.000;	           0;	     1
20250730;	175918;	1753878558.000;	           0;	     1
20250730;	175921;	1753878561.000;	           0;	     1
20250730;	175924;	1753878564.000;	           0;	     1
20250730;	175927;	1753878567.000;	           0;	     1
20250730;	175930;	1753878570.000;	           0;	     1
20250730;	175933;	1753878573.000;	           0;	     1
20250730;	175936;	1753878576.000;	           0;	     1
20250730;	175939;	1753878579.000;	           0;	     1
20250730;	175942;	1753878582.000;	           0;	     1
20250730;	175945;	1753878585.000;	           0;	     1
20250730;	175948;	1753878588.000;	           0;	     1
20250730;	175951;	1753878591.000;	           0;	     1
20250730;	175954;	1753878594.000;	           0;	     1
20250730;	175957;	1753878597.000;	           0;	     1
20250730;	180000;	1753878600.000;	           0;	     1
20250730;	180003;	1753878603.000;	           0;	     1
20250730;	180006;	1753878606.000;	           0;	     1
20250730;	180009;	1753878609.000;	           0;	     1
20250730;	180012;	1753878612.000;	           0;	     1
20250730;	180015;	1753878615.000;	           0;	     1
20250730;	180018;	1753878618.000;	           0;	     1
20250730;	180021;	1753878621.000;	           0;	     1
20250730;	180024;	1753878624.000;	           0;	     1
20250730;	180027;	1753878627.000;	           0;	     1
20250730;	180030;	1753878630.000;	           0;	     1
20250730;	180033;	1753878633.000;	           0;	     1
20250730;	180036;	1753878636.000;	           0;	     1
20250730;	180039;	1753878639.000;	           0;	     1
20250730;	180042;	1753878642.000;	           0;	     1
20250730;	180045;	1753878645.000;	           0;	     1
20250730;	180048;	1753878648.000;	           0;	     1
20250730;	180051;	1753878651.000;	           0;	     1
20250730;	180054;	1753878654.000;	           0;	     1
20250730;	180057;	1753878657.000;	           0;	     1
20250730;	180100;	1753878660.000;	           0;	     1
20250730;	180103;	1753878663.000;	           0;	     1
20250730;	180106;	1753878666.000;	           0;	     1
20250730;	180109;	1753878669.000;	           0;	     1
20250730;	180112;	1753878672.000;	           0;	     1
20250730;	180115;	1753878675.000;	           0;	     1
20250730;	180118;	1753878678.000;	           0;	     1
20250730;	180121;	1753878681.000;	           0;	     1
20250730;	180124;	1753878684.000;	           0;	     1
20250730;	180127;	1753878687.000;	           0;	     1
20250730;	180130;	1753878690.000;	           0;	     1
20250730;	180133;	1753878693.000;	           0;	     1
20250730;	180136;	1753878696.000;	           0;	     1
20250730;	180139;	1753878699.000;	           0;	     1
20250730;	180142;	1753878702.000;	           0;	     1
20250730;	180145;	1753878705.000;	           0;	     1
20250730;	180148;	1753878708.000;	           0;	     1
20250730;	180151;	1753878711.000;	           0;	     1
20250730;	180154;	1753878714.000;	           0;	     1
20250730;	180157;	1753878717.000;	           0;	     1
20250730;	180200;	1753878720.000;	           0;	     1
20250730;	180203;	1753878723.000;	           0;	     1
20250730;	180206;	1753878726.000;	           0;	     1
20250730;	180209;	1753878729.000;	           0;	     1
20250730;	180212;	1753878732.000;	           0;	     1
20250730;	180215;	1753878735.000;	           0;	     1
20250730;	180218;	1753878738.000;	           0;	     1
20250730;	180221;	1753878741.000;	           0;	     1
20250730;	180224;	1753878744.000;	           0;	     1
20250730;	180227;	1753878747.000;	           0;	     1
20250730;	180230;	1753878750.000;	           0;	     1
20250730;	180233;	1753878753.000;	           0;	     1
20250730;	180236;	1753878756.000;	           0;	     1
20250730;	180239;	1753878759.000;	           0;	     1
20250730;	180242;	1753878762.000;	           0;	     1
20250730;	180245;	1753878765.000;	           0;	     1
20250730;	180248;	1753878768.000;	           0;	     1
20250730;	180251;	1753878771.000;	           0;	     1
20250730;	180254;	1753878774.000;	           0;	     1
20250730;	180257;	1753878777.000;	           0;	     1
20250730;	180300;	1753878780.000;	           0;	     1
20250730;	180303;	1753878783.000;	           0;	     1
20250730;	180306;	1753878786.000;	           0;	     1
20250730;	180309;	1753878789.000;	           0;	     1
20250730;	180312;	1753878792.000;	           0;	     1
20250730;	180315;	1753878795.000;	           0;	     1
20250730;	180318;	1753878798.000;	           0;	     1
20250730;	180321;	1753878801.000;	           0;	     1
20250730;	180324;	1753878804.000;	           0;	     1
20250730;	180327;	1753878807.000;	           0;	     1
20250730;	180330;	1753878810.000;	           0;	     1
20250730;	180333;	1753878813.000;	           0;	     1
20250730;	180336;	1753878816.000;	           0;	     1
20250730;	180339;	1753878819.000;	           0;	     1
20250730;	180342;	1753878822.000;	           0;	     1
20250730;	180345;	1753878825.000;	           0;	     1
20250730;	180348;	1753878828.000;	           0;	     1
20250730;	180351;	1753878831.000;	           0;	     1
20250730;	180354;	1753878834.000;	           0;	     1
20250730;	180357;	1753878837.000;	           0;	     1
20250730;	180400;	1753878840.000;	           0;	     1
20250730;	180403;	1753878843.000;	           0;	     1
20250730;	180406;	1753878846.000;	           0;	     1
20250730;	180409;	1753878849.000;	           0;	     1
20250730;	180412;	1753878852.000;	           0;	     1
20250730;	180415;	1753878855.000;	           0;	     1
20250730;	180418;	1753878858.000;	           0;	     1
20250730;	180421;	1753878861.000;	           0;	     1
20250730;	180424;	1753878864.000;	           0;	     1
20250730;	180427;	1753878867.000;	           0;	     1
20250730;	180430;	1753878870.000;	           0;	     1
20250730;	180433;	1753878873.000;	           0;	     1
20250730;	180436;	1753878876.000;	           0;	     1
20250730;	180439;	1753878879.000;	           0;	     1
20250730;	180442;	1753878882.000;	           0;	     1
20250730;	180445;	1753878885.000;	           0;	     1
20250730;	180448;	1753878888.000;	           0;	     1
20250730;	180451;	1753878891.000;	           0;	     1
20250730;	180454;	1753878894.000;	           0;	     1
20250730;	180457;	1753878897.000;	           0;	     1
20250730;	180500;	1753878900.000;	           0;	     1
20250730;	180503;	1753878903.000;	           0;	     1
20250730;	180506;	1753878906.000;	           0;	     1
20250730;	180509;	1753878909.000;	           0;	     1
20250730;	180512;	1753878912.000;	           0;	     1
20250730;	180515;	1753878915.000;	           0;	     1
20250730;	180518;	1753878918.000;	           0;	     1
20250730;	180521;	1753878921.000;	           0;	     1
20250730;	180524;	1753878924.000;	           0;	     1
20250730;	180527;	1753878927.000;	           0;	     1
20250730;	180530;	1753878930.000;	           0;	     1
20250730;	180533;	1753878933.000;	           0;	     1
20250730;	180536;	1753878936.000;	           0;	     1
20250730;	180539;	1753878939.000;	           0;	     1
20250730;	180542;	1753878942.000;	           0;	     1
20250730;	180545;	1753878945.000;	           0;	     1
20250730;	180548;	1753878948.000;	           0;	     1
20250730;	180551;	1753878951.000;	           0;	     1
20250730;	180554;	1753878954.000;	           0;	     1
20250730;	180557;	1753878957.000;	           0;	     1
20250730;	180600;	1753878960.000;	           0;	     1
20250730;	180603;	1753878963.000;	           0;	     1
20250730;	180606;	1753878966.000;	           0;	     1
20250730;	180609;	1753878969.000;	           0;	     1
20250730;	180612;	1753878972.000;	           0;	     1
20250730;	180615;	1753878975.000;	           0;	     1
20250730;	180618;	1753878978.000;	           0;	     1
20250730;	180621;	1753878981.000;	           0;	     1
20250730;	180624;	1753878984.000;	           0;	     1
20250730;	180627;	1753878987.000;	           0;	     1
20250730;	180630;	1753878990.000;	           0;	     1
20250730;	180633;	1753878993.000;	           0;	     1
20250730;	180636;	1753878996.000;	           0;	     1
20250730;	180639;	1753878999.000;	           0;	     1
20250730;	180642;	1753879002.000;	           0;	     1
20250730;	180645;	1753879005.000;	           0;	     1
20250730;	180648;	1753879008.000;	           0;	     1
20250730;	180651;	1753879011.000;	           0;	     1
20250730;	180654;	1753879014.000;	           0;	     1
20250730;	180657;	1753879017.000;	           0;	     1
20250730;	180700;	1753879020.000;	           0;	     1
20250730;	180703;	1753879023.000;	           0;	     1
20250730;	180706;	1753879026.000;	           0;	     1
20250730;	180709;	1753879029.000;	           0;	     1
20250730;	180712;	1753879032.000;	           0;	     1
20250730;	180715;	1753879035.000;	           0;	     1
20250730;	180718;	1753879038.000;	           0;	     1
20250730;	180721;	1753879041.000;	           0;	     1
20250730;	180724;	1753879044.000;	           0;	     1
20250730;	180727;	1753879047.000;	           0;	     1
20250730;	180730;	1753879050.000;	           0;	     1
20250730;	180733;	1753879053.000;	           0;	     1
20250730;	180736;	1753879056.000;	           0;	     1
20250730;	180739;	1753879059.000;	           0;	     1
20250730;	180742;	1753879062.000;	           0;	     1
20250730;	180745;	1753879065.000;	           0;	     1
20250730;	180748;	1753879068.000;	           0;	     1
20250730;	180751;	1753879071.000;	           0;	     1
20250730;	180754;	1753879074.000;	           0;	     1
20250730;	180757;	1753879077.000;	           0;	     1
20250730;	180800;	1753879080.000;	           0;	     1
20250730;	180803;	1753879083.000;	           0;	     1
20250730;	180806;	1753879086.000;	           0;	     1
20250730;	180809;	1753879089.000;	           0;	     1
20250730;	180812;	1753879092.000;	           0;	     1
20250730;	180815;	1753879095.000;	           0;	     1
20250730;	180818;	1753879098.000;	           0;	     1
20250730;	180821;	1753879101.000;	           0;	     1
20250730;	180824;	1753879104.000;	           0;	     1
20250730;	180827;	1753879107.000;	           0;	     1
20250730;	180830;	1753879110.000;	           0;	     1
20250730;	180833;	1753879113.000;	           0;	     1
20250730;	180836;	1753879116.000;	           0;	     1
20250730;	180839;	1753879119.000;	           0;	     1
20250730;	180842;	1753879122.000;	           0;	     1
20250730;	180845;	1753879125.000;	           0;	     1
20250730;	180848;	1753879128.000;	           0;	     1
20250730;	180851;	1753879131.000;	           0;	     1
20250730;	180854;	1753879134.000;	           0;	     1
20250730;	180857;	1753879137.000;	           0;	     1
20250730;	180900;	1753879140.000;	           0;	     1
20250730;	180903;	1753879143.000;	           0;	     1
20250730;	180906;	1753879146.000;	           0;	     1
20250730;	180909;	1753879149.000;	           0;	     1
20250730;	180912;	1753879152.000;	           0;	     1
20250730;	180915;	1753879155.000;	           0;	     1
20250730;	180918;	1753879158.000;	           0;	     1
20250730;	180921;	1753879161.000;	           0;	     1
20250730;	180924;	1753879164.000;	           0;	     1
20250730;	180927;	1753879167.000;	           0;	     1
20250730;	180930;	1753879170.000;	           0;	     1
20250730;	180933;	1753879173.000;	           0;	     1
20250730;	180936;	1753879176.000;	           0;	     1
20250730;	180939;	1753879179.000;	           0;	     1
20250730;	180942;	1753879182.000;	           0;	     1
20250730;	180945;	1753879185.000;	           0;	     1
20250730;	180948;	1753879188.000;	           0;	     1
20250730;	180951;	1753879191.000;	           0;	     1
20250730;	180954;	1753879194.000;	           0;	     1
20250730;	180957;	1753879197.000;	           0;	     1
20250730;	181000;	1753879200.000;	           0;	     1
20250730;	181003;	1753879203.000;	           0;	     1
20250730;	181006;	1753879206.000;	           0;	     1
20250730;	181009;	1753879209.000;	           0;	     1
20250730;	181012;	1753879212.000;	           0;	     1
20250730;	181015;	1753879215.000;	           0;	     1
20250730;	181018;	1753879218.000;	           0;	     1
20250730;	181021;	1753879221.000;	           0;	     1
20250730;	181024;	1753879224.000;	           0;	     1
20250730;	181027;	1753879227.000;	           0;	     1
20250730;	181030;	1753879230.000;	           0;	     1
20250730;	181033;	1753879233.000;	           0;	     1
20250730;	181036;	1753879236.000;	           0;	     1
20250730;	181039;	1753879239.000;	           0;	     1
20250730;	181042;	1753879242.000;	           0;	     1
20250730;	181045;	1753879245.000;	           0;	     1
20250730;	181048;	1753879248.000;	           0;	     1
20250730;	181051;	1753879251.000;	           0;	     1
20250730;	181054;	1753879254.000;	           0;	     1
20250730;	181057;	1753879257.000;	           0;	     1
20250730;	181100;	1753879260.000;	           0;	     1
20250730;	181103;	1753879263.000;	           0;	     1
20250730;	181106;	1753879266.000;	           0;	     1
20250730;	181109;	1753879269.000;	           0;	     1
20250730;	181112;	1753879272.000;	           0;	     1
20250730;	181115;	1753879275.000;	           0;	     1
20250730;	181118;	1753879278.000;	           0;	     1
20250730;	181121;	1753879281.000;	           0;	     1
20250730;	181124;	1753879284.000;	           0;	     1
20250730;	181127;	1753879287.000;	           0;	     1
20250730;	181130;	1753879290.000;	           0;	     1
20250730;	181133;	1753879293.000;	           0;	     1
20250730;	181136;	1753879296.000;	           0;	     1
20250730;	181139;	1753879299.000;	           0;	     1
20250730;	181142;	1753879302.000;	           0;	     1
20250730;	181145;	1753879305.000;	           0;	     1
20250730;	181148;	1753879308.000;	           0;	     1
20250730;	181151;	1753879311.000;	           0;	     1
20250730;	181154;	1753879314.000;	           0;	     1
20250730;	181157;	1753879317.000;	           0;	     1
20250730;	181200;	1753879320.000;	           0;	     1
20250730;	181203;	1753879323.000;	           0;	     1
20250730;	181206;	1753879326.000;	           0;	     1
20250730;	181209;	1753879329.000;	           0;	     1
20250730;	181212;	1753879332.000;	           0;	     1
20250730;	181215;	1753879335.000;	           0;	     1
20250730;	181218;	1753879338.000;	           0;	     1
20250730;	181221;	1753879341.000;	           0;	     1
20250730;	181224;	1753879344.000;	           0;	     1
20250730;	181227;	1753879347.000;	           0;	     1
20250730;	181230;	1753879350.000;	           0;	     1
20250730;	181233;	1753879353.000;	           0;	     1
20250730;	181236;	1753879356.000;	           0;	     1
20250730;	181239;	1753879359.000;	           0;	     1
20250730;	181242;	1753879362.000;	           0;	     1
20250730;	181245;	1753879365.000;	           0;	     1
20250730;	181248;	1753879368.000;	           0;	     1
20250730;	181251;	1753879371.000;	           0;	     1
20250730;	181254;	1753879374.000;	           0;	     1
20250730;	181257;	1753879377.000;	           0;	     1
20250730;	181300;	1753879380.000;	           0;	     1
20250730;	181303;	1753879383.000;	           0;	     1
20250730;	181306;	1753879386.000;	           0;	     1
20250730;	181309;	1753879389.000;	           0;	     1
20250730;	181312;	1753879392.000;	           0;	     1
20250730;	181315;	1753879395.000;	           0;	     1
20250730;	181318;	1753879398.000;	           0;	     1
20250730;	181321;	1753879401.000;	           0;	     1
20250730;	181324;	1753879404.000;	           0;	     1
20250730;	181327;	1753879407.000;	           0;	     1
20250730;	181330;	1753879410.000;	           0;	     1
20250730;	181333;	1753879413.000;	           0;	     1
20250730;	181336;	1753879416.000;	           0;	     1
20250730;	181339;	1753879419.000;	           0;	     1
20250730;	181342;	1753879422.000;	           0;	     1
20250730;	181345;	1753879425.000;	           0;	     1
20250730;	181348;	1753879428.000;	           0;	     1
20250730;	181351;	1753879431.000;	           0;	     1
20250730;	181354;	1753879434.000;	           0;	     1
20250730;	181357;	1753879437.000;	           0;	     1
20250730;	181400;	1753879440.000;	           0;	     1
20250730;	181403;	1753879443.000;	           0;	     1
20250730;	181406;	1753879446.000;	           0;	     1
20250730;	181409;	1753879449.000;	           0;	     1
20250730;	181412;	1753879452.000;	           0;	     1
20250730;	181415;	1753879455.000;	           0;	     1
20250730;	181418;	1753879458.000;	           0;	     1
20250730;	181421;	1753879461.000;	           0;	     1
20250730;	181424;	1753879464.000;	           0;	     1
20250730;	181427;	1753879467.000;	           0;	     1
20250730;	181430;	1753879470.000;	           0;	     1
20250730;	181433;	1753879473.000;	           0;	     1
20250730;	181436;	1753879476.000;	           0;	     1
20250730;	181439;	1753879479.000;	           0;	     1
20250730;	181442;	1753879482.000;	           0;	     1
20250730;	181445;	1753879485.000;	           0;	     1
20250730;	181448;	1753879488.000;	           0;	     1
20250730;	181451;	1753879491.000;	           0;	     1
20250730;	181454;	1753879494.000;	           0;	     1
20250730;	181457;	1753879497.000;	           0;	     1
20250730;	181500;	1753879500.000;	           0;	     1
20250730;	181503;	1753879503.000;	           0;	     1
20250730;	181506;	1753879506.000;	           0;	     1
20250730;	181509;	1753879509.000;	           0;	     1
20250730;	181512;	1753879512.000;	           0;	     1
20250730;	181515;	1753879515.000;	           0;	     1
20250730;	181518;	1753879518.000;	           0;	     1
20250730;	181521;	1753879521.000;	           0;	     1
20250730;	181524;	1753879524.000;	           0;	     1
20250730;	181527;	1753879527.000;	           0;	     1
20250730;	181530;	1753879530.000;	           0;	     1
20250730;	181533;	1753879533.000;	           0;	     1
20250730;	181536;	1753879536.000;	           0;	     1
20250730;	181539;	1753879539.000;	           0;	     1
20250730;	181542;	1753879542.000;	           0;	     1
20250730;	181545;	1753879545.000;	           0;	     1
20250730;	181548;	1753879548.000;	           0;	     1
20250730;	181551;	1753879551.000;	           0;	     1
20250730;	181554;	1753879554.000;	           0;	     1
20250730;	181557;	1753879557.000;	           0;	     1
20250730;	181600;	1753879560.000;	           0;	     1
20250730;	181603;	1753879563.000;	           0;	     1
20250730;	181606;	1753879566.000;	           0;	     1
20250730;	181609;	1753879569.000;	           0;	     1
20250730;	181612;	1753879572.000;	           0;	     1
20250730;	181615;	1753879575.000;	           0;	     1
20250730;	181618;	1753879578.000;	           0;	     1
20250730;	181621;	1753879581.000;	           0;	     1
20250730;	181624;	1753879584.000;	           0;	     1
20250730;	181627;	1753879587.000;	           0;	     1
20250730;	181630;	1753879590.000;	           0;	     1
20250730;	181633;	1753879593.000;	           0;	     1
20250730;	181636;	1753879596.000;	           0;	     1
20250730;	181639;	1753879599.000;	           0;	     1
20250730;	181642;	1753879602.000;	           0;	     1
20250730;	181645;	1753879605.000;	           0;	     1
20250730;	181648;	1753879608.000;	           0;	     1
20250730;	181651;	1753879611.000;	           0;	     1
20250730;	181654;	1753879614.000;	           0;	     1
20250730;	181657;	1753879617.000;	           0;	     1
20250730;	181700;	1753879620.000;	           0;	     1
20250730;	181703;	1753879623.000;	           0;	     1
20250730;	181706;	1753879626.000;	           0;	     1
20250730;	181709;	1753879629.000;	           0;	     1
20250730;	181712;	1753879632.000;	           0;	     1
20250730;	181715;	1753879635.000;	           0;	     1
20250730;	181718;	1753879638.000;	           0;	     1
20250730;	181721;	1753879641.000;	           0;	     1
20250730;	181724;	1753879644.000;	           0;	     1
20250730;	181727;	1753879647.000;	           0;	     1
20250730;	181730;	1753879650.000;	           0;	     1
20250730;	181733;	1753879653.000;	           0;	     1
20250730;	181736;	1753879656.000;	           0;	     1
20250730;	181739;	1753879659.000;	           0;	     1
20250730;	181742;	1753879662.000;	           0;	     1
20250730;	181745;	1753879665.000;	           0;	     1
20250730;	181748;	1753879668.000;	           0;	     1
20250730;	181751;	1753879671.000;	           0;	     1
20250730;	181754;	1753879674.000;	           0;	     1
20250730;	181757;	1753879677.000;	           0;	     1
20250730;	181800;	1753879680.000;	           0;	     1
20250730;	181803;	1753879683.000;	           0;	     1
20250730;	181806;	1753879686.000;	           0;	     1
20250730;	181809;	1753879689.000;	           0;	     1
20250730;	181812;	1753879692.000;	           0;	     1
20250730;	181815;	1753879695.000;	           0;	     1
20250730;	181818;	1753879698.000;	           0;	     1
20250730;	181821;	1753879701.000;	           0;	     1
20250730;	181824;	1753879704.000;	           0;	     1
20250730;	181827;	1753879707.000;	           0;	     1
20250730;	181830;	1753879710.000;	           0;	     1
20250730;	181833;	1753879713.000;	           0;	     1
20250730;	181836;	1753879716.000;	           0;	     1
20250730;	181839;	1753879719.000;	           0;	     1
20250730;	181842;	1753879722.000;	           0;	     1
20250730;	181845;	1753879725.000;	           0;	     1
20250730;	181848;	1753879728.000;	           0;	     1
20250730;	181851;	1753879731.000;	           0;	     1
20250730;	181854;	1753879734.000;	           0;	     1
20250730;	181857;	1753879737.000;	           0;	     1
20250730;	181900;	1753879740.000;	           0;	     1
20250730;	181903;	1753879743.000;	           0;	     1
20250730;	181906;	1753879746.000;	           0;	     1
20250730;	181909;	1753879749.000;	           0;	     1
20250730;	181912;	1753879752.000;	           0;	     1
20250730;	181915;	1753879755.000;	           0;	     1
20250730;	181918;	1753879758.000;	           0;	     1
20250730;	181921;	1753879761.000;	           0;	     1
20250730;	181924;	1753879764.000;	           0;	     1
20250730;	181927;	1753879767.000;	       err32;	 err32
20250730;	181930;	1753879770.000;	       err32;	 err32
20250730;	181933;	1753879773.000;	        err7;	  err7
20250730;	181936;	1753879776.000;	           0;	     1
20250730;	181939;	1753879779.000;	           0;	     1
20250730;	181942;	1753879782.000;	           0;	     1
20250730;	181945;	1753879785.000;	           0;	     1
