#ies_format_version: 1.0
#file: 20250724_2000.dat
#file_info: generated by AsciiLoger of OpenMUC
#timezone: + 5
#timestep_sec: 2.0
#col_no;	col_name;	confidential;	measured;	unit;	category;	comment
#001;	YYYYMMDD;	FALSE;	FALSE;	0;	time;	INTEGER,8. Date [human readable]
#002;	hhmmss;	FALSE;	FALSE;	0;	time;	SHORT,6. Time [human readable]
#003;	unixtimestamp;	FALSE;	FALSE;	s;	time;	DOUBLE,14. lapsed seconds from 01-01-1970
#004;	devTest_A_18;	FALSE;	TRUE;	0;	other;	INTEGER,12. -
#005;	test_B_19;	FALSE;	TRUE;	0;	other;	INTEGER,12. -
YYYYMMDD;	hhmmss;	unixtimestamp;	devTest_A_18;	test_B_19
20250724;	153726;	1753351646.000;	         100;	        err7
20250724;	153728;	1753351648.000;	         100;	           0
20250724;	153730;	1753351650.000;	         100;	           0
20250724;	153732;	1753351652.000;	         100;	           0
20250724;	153734;	1753351654.000;	         100;	           0
20250724;	153736;	1753351656.000;	         100;	           0
20250724;	153738;	1753351658.000;	         100;	           0
20250724;	153740;	1753351660.000;	         100;	           0
20250724;	153742;	1753351662.000;	         100;	           0
20250724;	153744;	1753351664.000;	         100;	           0
20250724;	153746;	1753351666.000;	         100;	           0
20250724;	153748;	1753351668.000;	         100;	           0
20250724;	153750;	1753351670.000;	         100;	           0
20250724;	153752;	1753351672.000;	         100;	           0
20250724;	153754;	1753351674.000;	         100;	           0
20250724;	153756;	1753351676.000;	         100;	           0
20250724;	153758;	1753351678.000;	         100;	           0
20250724;	153800;	1753351680.000;	         100;	           0
20250724;	153802;	1753351682.000;	         100;	           0
20250724;	153804;	1753351684.000;	         100;	           0
20250724;	153806;	1753351686.000;	         100;	           0
20250724;	153808;	1753351688.000;	         100;	           0
20250724;	153810;	1753351690.000;	         100;	           0
20250724;	153812;	1753351692.000;	         100;	           0
20250724;	153814;	1753351694.000;	         100;	           0
20250724;	153816;	1753351696.000;	         100;	           0
20250724;	153818;	1753351698.000;	         100;	           0
20250724;	153820;	1753351700.000;	         100;	           0
20250724;	153822;	1753351702.000;	         100;	           0
20250724;	153824;	1753351704.000;	         100;	           0
20250724;	153826;	1753351706.000;	         100;	           0
20250724;	153828;	1753351708.000;	         100;	           0
20250724;	153830;	1753351710.000;	         100;	           0
20250724;	153832;	1753351712.000;	         100;	           0
20250724;	153834;	1753351714.000;	         100;	           0
20250724;	153836;	1753351716.000;	         100;	           0
20250724;	153838;	1753351718.000;	         100;	           0
20250724;	153840;	1753351720.000;	         100;	           0
20250724;	153842;	1753351722.000;	         100;	           0
20250724;	153844;	1753351724.000;	         100;	           0
20250724;	153846;	1753351726.000;	         100;	           0
20250724;	153848;	1753351728.000;	         100;	           0
20250724;	153850;	1753351730.000;	         100;	           0
20250724;	153852;	1753351732.000;	         100;	           0
20250724;	153854;	1753351734.000;	         100;	           0
20250724;	153856;	1753351736.000;	         100;	           0
20250724;	153858;	1753351738.000;	         100;	           0
20250724;	153900;	1753351740.000;	         100;	           0
20250724;	153902;	1753351742.000;	         100;	           0
20250724;	153904;	1753351744.000;	         100;	           0
20250724;	153906;	1753351746.000;	         100;	           0
20250724;	153908;	1753351748.000;	         100;	           0
20250724;	153910;	1753351750.000;	         100;	           0
20250724;	153912;	1753351752.000;	         100;	           0
20250724;	153914;	1753351754.000;	         100;	           0
20250724;	153916;	1753351756.000;	         100;	           0
20250724;	153918;	1753351758.000;	         100;	           0
20250724;	153920;	1753351760.000;	         100;	           0
20250724;	153922;	1753351762.000;	         100;	           0
20250724;	153924;	1753351764.000;	         100;	           0
20250724;	153926;	1753351766.000;	         100;	           0
20250724;	153928;	1753351768.000;	         100;	           0
20250724;	153930;	1753351770.000;	         100;	           0
20250724;	153932;	1753351772.000;	         100;	           0
20250724;	153934;	1753351774.000;	         100;	           0
20250724;	153936;	1753351776.000;	         100;	           0
20250724;	153938;	1753351778.000;	         100;	           0
20250724;	153940;	1753351780.000;	         100;	           0
20250724;	153942;	1753351782.000;	         100;	           0
20250724;	153944;	1753351784.000;	         100;	           0
20250724;	153946;	1753351786.000;	         100;	           0
20250724;	153948;	1753351788.000;	         100;	           0
20250724;	153950;	1753351790.000;	         100;	           0
20250724;	153952;	1753351792.000;	         100;	           0
20250724;	153954;	1753351794.000;	         100;	           0
20250724;	153956;	1753351796.000;	         100;	           0
20250724;	153958;	1753351798.000;	         100;	           0
20250724;	154000;	1753351800.000;	         100;	           0
20250724;	154002;	1753351802.000;	         100;	           0
20250724;	154004;	1753351804.000;	         100;	           0
20250724;	154006;	1753351806.000;	         100;	           0
20250724;	154008;	1753351808.000;	         100;	           0
20250724;	154010;	1753351810.000;	         100;	           0
20250724;	154012;	1753351812.000;	         100;	           0
20250724;	154014;	1753351814.000;	         100;	           0
20250724;	154016;	1753351816.000;	         100;	           0
20250724;	154018;	1753351818.000;	         100;	           0
20250724;	154020;	1753351820.000;	         100;	           0
20250724;	154022;	1753351822.000;	         100;	           0
20250724;	154024;	1753351824.000;	         100;	           0
20250724;	154026;	1753351826.000;	         100;	           0
20250724;	154028;	1753351828.000;	         100;	           0
20250724;	154030;	1753351830.000;	         100;	           0
20250724;	154032;	1753351832.000;	         100;	           0
20250724;	154034;	1753351834.000;	         100;	           0
20250724;	154036;	1753351836.000;	         100;	           0
20250724;	154038;	1753351838.000;	         100;	           0
20250724;	154040;	1753351840.000;	         100;	           0
20250724;	154042;	1753351842.000;	         100;	           0
20250724;	154044;	1753351844.000;	         100;	           0
20250724;	154046;	1753351846.000;	         100;	           0
20250724;	154048;	1753351848.000;	         100;	           0
20250724;	154050;	1753351850.000;	         100;	           0
20250724;	154052;	1753351852.000;	         100;	           0
20250724;	154054;	1753351854.000;	         100;	           0
20250724;	154056;	1753351856.000;	         100;	           0
20250724;	154058;	1753351858.000;	         100;	           0
20250724;	154100;	1753351860.000;	         100;	           0
20250724;	154102;	1753351862.000;	         100;	           0
20250724;	154104;	1753351864.000;	         100;	           0
20250724;	154106;	1753351866.000;	         100;	           0
20250724;	154108;	1753351868.000;	         100;	           0
20250724;	154110;	1753351870.000;	         100;	           0
20250724;	154112;	1753351872.000;	         100;	           0
20250724;	154114;	1753351874.000;	         100;	           0
20250724;	154116;	1753351876.000;	         100;	           0
20250724;	154118;	1753351878.000;	         100;	           0
20250724;	154120;	1753351880.000;	         100;	           0
20250724;	154122;	1753351882.000;	         100;	           0
20250724;	154124;	1753351884.000;	         100;	           0
20250724;	154126;	1753351886.000;	         100;	           0
20250724;	154128;	1753351888.000;	         100;	           0
20250724;	154130;	1753351890.000;	         100;	           0
20250724;	154132;	1753351892.000;	         100;	           0
20250724;	154134;	1753351894.000;	         100;	           0
20250724;	154136;	1753351896.000;	         100;	           0
20250724;	154138;	1753351898.000;	         100;	           0
20250724;	154140;	1753351900.000;	         100;	           0
20250724;	154142;	1753351902.000;	         100;	           0
20250724;	154144;	1753351904.000;	         100;	           0
20250724;	154146;	1753351906.000;	         100;	           0
20250724;	154148;	1753351908.000;	         100;	           0
20250724;	154150;	1753351910.000;	         100;	           0
20250724;	154152;	1753351912.000;	         100;	           0
20250724;	154154;	1753351914.000;	         100;	           0
20250724;	154156;	1753351916.000;	         100;	           0
20250724;	154158;	1753351918.000;	         100;	           0
20250724;	154200;	1753351920.000;	         100;	           0
20250724;	154202;	1753351922.000;	         100;	           0
20250724;	154204;	1753351924.000;	         100;	           0
20250724;	154206;	1753351926.000;	         100;	           0
20250724;	154208;	1753351928.000;	         100;	           0
20250724;	154210;	1753351930.000;	         100;	           0
20250724;	154212;	1753351932.000;	         100;	           0
20250724;	154214;	1753351934.000;	         100;	           0
20250724;	154216;	1753351936.000;	         100;	           0
20250724;	154218;	1753351938.000;	         100;	           0
20250724;	154220;	1753351940.000;	         100;	           0
20250724;	154222;	1753351942.000;	         100;	           0
20250724;	154224;	1753351944.000;	         100;	           0
20250724;	154226;	1753351946.000;	         100;	           0
20250724;	154228;	1753351948.000;	         100;	           0
20250724;	154230;	1753351950.000;	         100;	           0
20250724;	154232;	1753351952.000;	         100;	           0
20250724;	154234;	1753351954.000;	         100;	           0
20250724;	154236;	1753351956.000;	         100;	           0
20250724;	154238;	1753351958.000;	         100;	           0
20250724;	154240;	1753351960.000;	         100;	           0
20250724;	154242;	1753351962.000;	         100;	           0
20250724;	154244;	1753351964.000;	         100;	           0
20250724;	154246;	1753351966.000;	         100;	           0
20250724;	154248;	1753351968.000;	         100;	           0
20250724;	154250;	1753351970.000;	         100;	           0
20250724;	154252;	1753351972.000;	         100;	           0
20250724;	154254;	1753351974.000;	         100;	           0
20250724;	154256;	1753351976.000;	         100;	           0
20250724;	154258;	1753351978.000;	         100;	           0
20250724;	154300;	1753351980.000;	         100;	           0
20250724;	154302;	1753351982.000;	         100;	           0
20250724;	154304;	1753351984.000;	         100;	           0
20250724;	154306;	1753351986.000;	         100;	           0
20250724;	154308;	1753351988.000;	         100;	           0
20250724;	154310;	1753351990.000;	         100;	           0
20250724;	154312;	1753351992.000;	         100;	           0
20250724;	154314;	1753351994.000;	         100;	           0
20250724;	154316;	1753351996.000;	         100;	           0
20250724;	154318;	1753351998.000;	         100;	           0
20250724;	154320;	1753352000.000;	         100;	           0
20250724;	154322;	1753352002.000;	         100;	           0
20250724;	154324;	1753352004.000;	         100;	           0
20250724;	154326;	1753352006.000;	         100;	           0
20250724;	154328;	1753352008.000;	         100;	           0
20250724;	154330;	1753352010.000;	         100;	           0
20250724;	154332;	1753352012.000;	         100;	           0
20250724;	154334;	1753352014.000;	         100;	           0
20250724;	154336;	1753352016.000;	         100;	           0
20250724;	154338;	1753352018.000;	         100;	           0
20250724;	154340;	1753352020.000;	         100;	           0
20250724;	154342;	1753352022.000;	         100;	           0
20250724;	154344;	1753352024.000;	         100;	           0
20250724;	154346;	1753352026.000;	         100;	           0
20250724;	154348;	1753352028.000;	         100;	           0
20250724;	154350;	1753352030.000;	         100;	           0
20250724;	154352;	1753352032.000;	         100;	           0
20250724;	154354;	1753352034.000;	         100;	           0
20250724;	154356;	1753352036.000;	         100;	           0
20250724;	154358;	1753352038.000;	         100;	           0
20250724;	154400;	1753352040.000;	         100;	           0
20250724;	154402;	1753352042.000;	         100;	           0
20250724;	154404;	1753352044.000;	         100;	           0
20250724;	154406;	1753352046.000;	         100;	           0
20250724;	154408;	1753352048.000;	         100;	           0
20250724;	154410;	1753352050.000;	         100;	           0
20250724;	154412;	1753352052.000;	         100;	           0
20250724;	154414;	1753352054.000;	         100;	           0
20250724;	154416;	1753352056.000;	         100;	           0
20250724;	154418;	1753352058.000;	         100;	           0
20250724;	154420;	1753352060.000;	         100;	           0
20250724;	154422;	1753352062.000;	         100;	           0
20250724;	154424;	1753352064.000;	         100;	           0
20250724;	154426;	1753352066.000;	         100;	           0
20250724;	154428;	1753352068.000;	         101;	           0
20250724;	154430;	1753352070.000;	         101;	           0
20250724;	154432;	1753352072.000;	         101;	           0
20250724;	154434;	1753352074.000;	         101;	           0
20250724;	154436;	1753352076.000;	         101;	           0
20250724;	154438;	1753352078.000;	         101;	           0
20250724;	154440;	1753352080.000;	         101;	           0
20250724;	154442;	1753352082.000;	         101;	           0
20250724;	154444;	1753352084.000;	         101;	           0
20250724;	154446;	1753352086.000;	         101;	           0
20250724;	154448;	1753352088.000;	         101;	           0
20250724;	154450;	1753352090.000;	         101;	           0
20250724;	154452;	1753352092.000;	         101;	           0
20250724;	154454;	1753352094.000;	         101;	           0
20250724;	154456;	1753352096.000;	         101;	           0
20250724;	154458;	1753352098.000;	         101;	           0
20250724;	154500;	1753352100.000;	         101;	           0
20250724;	154502;	1753352102.000;	         101;	           0
20250724;	154504;	1753352104.000;	         101;	           0
20250724;	154506;	1753352106.000;	         101;	           0
20250724;	154508;	1753352108.000;	         101;	           0
20250724;	154510;	1753352110.000;	         101;	           0
20250724;	154512;	1753352112.000;	         101;	           0
20250724;	154514;	1753352114.000;	         101;	           0
20250724;	154516;	1753352116.000;	         101;	           0
20250724;	154518;	1753352118.000;	         101;	           0
20250724;	154520;	1753352120.000;	         101;	           0
20250724;	154522;	1753352122.000;	         101;	           0
20250724;	154524;	1753352124.000;	         101;	           0
20250724;	154526;	1753352126.000;	         101;	           0
20250724;	154528;	1753352128.000;	         101;	           0
20250724;	154530;	1753352130.000;	         101;	           0
20250724;	154532;	1753352132.000;	         101;	           0
20250724;	154534;	1753352134.000;	         101;	           0
20250724;	154536;	1753352136.000;	         101;	           0
20250724;	154538;	1753352138.000;	         101;	           0
20250724;	154540;	1753352140.000;	         101;	           0
20250724;	154542;	1753352142.000;	         101;	           0
20250724;	154544;	1753352144.000;	         101;	           0
20250724;	154546;	1753352146.000;	         101;	           0
20250724;	154548;	1753352148.000;	         101;	           0
20250724;	154550;	1753352150.000;	         101;	           0
20250724;	154552;	1753352152.000;	         101;	           0
20250724;	154554;	1753352154.000;	         101;	           0
20250724;	154556;	1753352156.000;	         101;	           0
20250724;	154558;	1753352158.000;	         101;	           0
20250724;	154600;	1753352160.000;	         101;	           0
20250724;	154602;	1753352162.000;	         101;	           0
20250724;	154604;	1753352164.000;	         101;	           0
20250724;	154606;	1753352166.000;	         101;	           0
20250724;	154608;	1753352168.000;	         101;	           0
20250724;	154610;	1753352170.000;	         101;	           0
20250724;	154612;	1753352172.000;	         101;	           0
20250724;	154614;	1753352174.000;	         101;	           0
20250724;	154616;	1753352176.000;	         101;	           0
20250724;	154618;	1753352178.000;	         101;	           0
20250724;	154620;	1753352180.000;	         101;	           0
20250724;	154622;	1753352182.000;	         101;	           0
20250724;	154624;	1753352184.000;	         101;	           0
20250724;	154626;	1753352186.000;	         101;	           0
20250724;	154628;	1753352188.000;	         101;	           0
20250724;	154630;	1753352190.000;	         101;	           0
20250724;	154632;	1753352192.000;	         101;	           0
20250724;	154634;	1753352194.000;	         101;	           0
20250724;	154636;	1753352196.000;	         101;	           0
20250724;	154638;	1753352198.000;	         101;	           0
20250724;	154640;	1753352200.000;	         101;	           0
20250724;	154642;	1753352202.000;	         101;	           0
20250724;	154644;	1753352204.000;	         101;	           0
20250724;	154646;	1753352206.000;	         101;	           0
20250724;	154648;	1753352208.000;	         101;	           0
20250724;	154650;	1753352210.000;	         101;	           0
20250724;	154652;	1753352212.000;	         101;	           0
20250724;	154654;	1753352214.000;	         101;	           0
20250724;	154656;	1753352216.000;	         101;	           0
20250724;	154658;	1753352218.000;	         101;	           0
20250724;	154700;	1753352220.000;	         101;	           0
20250724;	154702;	1753352222.000;	         101;	           0
20250724;	154704;	1753352224.000;	         101;	           0
20250724;	154706;	1753352226.000;	         101;	           0
20250724;	154708;	1753352228.000;	         101;	           0
20250724;	154710;	1753352230.000;	         101;	           0
20250724;	154712;	1753352232.000;	         101;	           0
20250724;	154714;	1753352234.000;	         101;	           0
20250724;	154716;	1753352236.000;	         101;	           0
20250724;	154718;	1753352238.000;	         101;	           0
20250724;	154720;	1753352240.000;	         101;	           0
20250724;	154722;	1753352242.000;	         101;	           0
