#ies_format_version: 1.0
#file: 20250723_3000.dat
#file_info: generated by AsciiLoger of OpenMUC
#timezone: + 5
#timestep_sec: 3.0
#col_no;	col_name;	confidential;	measured;	unit;	category;	comment
#001;	YYYYMMDD;	FALSE;	FALSE;	0;	time;	INTEGER,8. Date [human readable]
#002;	hhmmss;	FALSE;	FALSE;	0;	time;	SHORT,6. Time [human readable]
#003;	unixtimestamp;	FALSE;	FALSE;	s;	time;	DOUBLE,14. lapsed seconds from 01-01-1970
#004;	devTest2_B_19;	FALSE;	TRUE;	0;	other;	INTEGER,12. -
YYYYMMDD;	hhmmss;	unixtimestamp;	devTest2_B_19
20250723;	180954;	1753274394.000;	       err20
20250723;	180957;	1753274397.000;	       err20
20250723;	181000;	1753274400.000;	       err20
20250723;	181003;	1753274403.000;	       err20
20250723;	181006;	1753274406.000;	       err20
20250723;	181009;	1753274409.000;	       err20
20250723;	181012;	1753274412.000;	       err20
20250723;	181015;	1753274415.000;	       err20
20250723;	181018;	1753274418.000;	       err20
20250723;	181021;	1753274421.000;	       err20
20250723;	181024;	1753274424.000;	       err20
20250723;	181027;	1753274427.000;	       err32
20250723;	181030;	1753274430.000;	       err32
20250723;	181033;	1753274433.000;	       err32
20250723;	181036;	1753274436.000;	       err32
20250723;	181039;	1753274439.000;	       err32
20250723;	181042;	1753274442.000;	       err32
20250723;	181045;	1753274445.000;	       err32
20250723;	181048;	1753274448.000;	       err32
20250723;	181051;	1753274451.000;	       err32
20250723;	181054;	1753274454.000;	       err32
20250723;	181057;	1753274457.000;	       err32
20250723;	181100;	1753274460.000;	       err32
20250723;	181103;	1753274463.000;	       err32
20250723;	181106;	1753274466.000;	       err32
20250723;	181109;	1753274469.000;	       err32
20250723;	181112;	1753274472.000;	       err32
20250723;	181115;	1753274475.000;	       err32
20250723;	181118;	1753274478.000;	       err32
20250723;	181121;	1753274481.000;	       err32
20250723;	181124;	1753274484.000;	       err32
20250723;	181127;	1753274487.000;	       err32
20250723;	181130;	1753274490.000;	       err32
20250723;	181133;	1753274493.000;	       err32
20250723;	181136;	1753274496.000;	       err32
20250723;	181139;	1753274499.000;	       err32
20250723;	181142;	1753274502.000;	       err32
20250723;	181145;	1753274505.000;	       err32
20250723;	181148;	1753274508.000;	       err32
20250723;	181151;	1753274511.000;	       err32
20250723;	181154;	1753274514.000;	       err32
20250723;	181157;	1753274517.000;	       err32
20250723;	181200;	1753274520.000;	       err32
20250723;	181203;	1753274523.000;	       err32
20250723;	181206;	1753274526.000;	       err32
20250723;	181209;	1753274529.000;	       err32
20250723;	181212;	1753274532.000;	       err32
20250723;	181215;	1753274535.000;	       err32
20250723;	181218;	1753274538.000;	       err32
20250723;	181221;	1753274541.000;	       err32
20250723;	181224;	1753274544.000;	       err32
20250723;	181227;	1753274547.000;	       err32
20250723;	181230;	1753274550.000;	       err32
20250723;	181233;	1753274553.000;	       err32
20250723;	181236;	1753274556.000;	       err32
20250723;	181239;	1753274559.000;	       err32
20250723;	181242;	1753274562.000;	        err7
20250723;	181245;	1753274565.000;	           0
20250723;	181248;	1753274568.000;	           0
20250723;	181251;	1753274571.000;	           0
20250723;	181254;	1753274574.000;	           0
20250723;	181257;	1753274577.000;	           0
20250723;	181300;	1753274580.000;	           0
20250723;	181303;	1753274583.000;	           0
20250723;	181306;	1753274586.000;	           0
20250723;	181309;	1753274589.000;	           0
20250723;	181312;	1753274592.000;	           0
20250723;	181315;	1753274595.000;	           0
20250723;	181318;	1753274598.000;	           0
20250723;	181321;	1753274601.000;	           0
20250723;	181324;	1753274604.000;	           0
20250723;	181327;	1753274607.000;	        err9
20250723;	181330;	1753274610.000;	        err9
20250723;	181333;	1753274613.000;	        err9
20250723;	181336;	1753274616.000;	        err9
20250723;	181339;	1753274619.000;	        err9
20250723;	181342;	1753274622.000;	        err9
20250723;	181345;	1753274625.000;	        err9
20250723;	181348;	1753274628.000;	        err9
20250723;	181351;	1753274631.000;	        err9
20250723;	181354;	1753274634.000;	        err9
20250723;	181357;	1753274637.000;	        err9
20250723;	181400;	1753274640.000;	        err9
20250723;	181403;	1753274643.000;	        err9
20250723;	181406;	1753274646.000;	        err9
20250723;	181409;	1753274649.000;	        err9
20250723;	181412;	1753274652.000;	        err9
20250723;	181415;	1753274655.000;	        err9
20250723;	181418;	1753274658.000;	        err9
20250723;	181421;	1753274661.000;	        err9
20250723;	181424;	1753274664.000;	        err9
20250723;	181427;	1753274667.000;	           0
20250723;	181430;	1753274670.000;	           0
20250723;	181433;	1753274673.000;	           0
20250723;	181436;	1753274676.000;	           0
20250723;	181439;	1753274679.000;	           0
20250723;	181442;	1753274682.000;	           0
20250723;	181445;	1753274685.000;	           2
20250723;	181448;	1753274688.000;	           2
20250723;	181451;	1753274691.000;	           2
20250723;	181454;	1753274694.000;	           2
20250723;	181457;	1753274697.000;	           2
20250723;	181500;	1753274700.000;	           2
20250723;	181503;	1753274703.000;	           2
20250723;	181506;	1753274706.000;	           2
20250723;	181509;	1753274709.000;	           2
20250723;	181512;	1753274712.000;	           2
20250723;	181515;	1753274715.000;	           2
20250723;	181518;	1753274718.000;	           2
20250723;	181521;	1753274721.000;	           2
20250723;	181524;	1753274724.000;	           2
20250723;	181527;	1753274727.000;	           2
20250723;	181530;	1753274730.000;	           2
20250723;	181533;	1753274733.000;	           2
20250723;	181536;	1753274736.000;	           2
20250723;	181539;	1753274739.000;	           2
20250723;	181542;	1753274742.000;	           2
20250723;	181545;	1753274745.000;	           2
20250723;	181548;	1753274748.000;	           2
20250723;	181551;	1753274751.000;	           2
20250723;	181554;	1753274754.000;	           2
20250723;	181557;	1753274757.000;	           2
20250723;	181600;	1753274760.000;	           2
20250723;	181603;	1753274763.000;	           2
20250723;	181606;	1753274766.000;	           2
20250723;	181609;	1753274769.000;	           2
20250723;	181612;	1753274772.000;	           2
20250723;	181615;	1753274775.000;	           2
20250723;	181618;	1753274778.000;	           2
20250723;	181621;	1753274781.000;	           2
20250723;	181624;	1753274784.000;	           2
