#ies_format_version: 1.0
#file: 20250721_2000.dat
#file_info: generated by AsciiLoger of OpenMUC
#timezone: + 5
#timestep_sec: 2.0
#col_no;	col_name;	confidential;	measured;	unit;	category;	comment
#001;	YYYYMMDD;	FALSE;	FALSE;	0;	time;	INTEGER,8. Date [human readable]
#002;	hhmmss;	FALSE;	FALSE;	0;	time;	SHORT,6. Time [human readable]
#003;	unixtimestamp;	FALSE;	FALSE;	s;	time;	DOUBLE,14. lapsed seconds from 01-01-1970
#004;	devTest_A_18;	FALSE;	TRUE;	0;	other;	INTEGER,12. -
YYYYMMDD;	hhmmss;	unixtimestamp;	devTest_A_18
20250721;	171740;	1753098460.000;	        err7
20250721;	171742;	1753098462.000;	           0
20250721;	171744;	1753098464.000;	           0
20250721;	171746;	1753098466.000;	           0
20250721;	171748;	1753098468.000;	           0
20250721;	171750;	1753098470.000;	           0
20250721;	171752;	1753098472.000;	           0
20250721;	171754;	1753098474.000;	           0
20250721;	171756;	1753098476.000;	           0
20250721;	171758;	1753098478.000;	           0
20250721;	171800;	1753098480.000;	           0
20250721;	171802;	1753098482.000;	           0
20250721;	171804;	1753098484.000;	           0
20250721;	171806;	1753098486.000;	           0
20250721;	171808;	1753098488.000;	           0
20250721;	171810;	1753098490.000;	           0
20250721;	171812;	1753098492.000;	           0
20250721;	171814;	1753098494.000;	       err32
20250721;	171816;	1753098496.000;	       err32
20250721;	171818;	1753098498.000;	       err32
20250721;	171820;	1753098500.000;	       err32
20250721;	171822;	1753098502.000;	       err32
20250721;	171824;	1753098504.000;	       err32
20250721;	171826;	1753098506.000;	       err32
20250721;	171828;	1753098508.000;	       err32
20250721;	171830;	1753098510.000;	       err32
20250721;	171832;	1753098512.000;	       err32
20250721;	171834;	1753098514.000;	       err32
20250721;	171836;	1753098516.000;	       err32
20250721;	171838;	1753098518.000;	       err32
20250721;	171840;	1753098520.000;	       err32
20250721;	171842;	1753098522.000;	       err32
20250721;	171844;	1753098524.000;	       err32
20250721;	171846;	1753098526.000;	       err32
20250721;	171848;	1753098528.000;	       err32
20250721;	171850;	1753098530.000;	       err32
20250721;	171852;	1753098532.000;	       err32
20250721;	171854;	1753098534.000;	       err32
20250721;	171856;	1753098536.000;	       err32
20250721;	171858;	1753098538.000;	       err32
20250721;	171900;	1753098540.000;	       err32
20250721;	171902;	1753098542.000;	       err32
20250721;	171904;	1753098544.000;	       err32
20250721;	171906;	1753098546.000;	       err32
20250721;	171908;	1753098548.000;	       err32
20250721;	171910;	1753098550.000;	       err32
20250721;	171912;	1753098552.000;	       err32
20250721;	171914;	1753098554.000;	       err32
20250721;	171916;	1753098556.000;	       err32
20250721;	171918;	1753098558.000;	       err32
20250721;	171920;	1753098560.000;	       err32
20250721;	171922;	1753098562.000;	       err32
20250721;	171924;	1753098564.000;	       err32
20250721;	171926;	1753098566.000;	       err32
20250721;	171928;	1753098568.000;	       err32
20250721;	171930;	1753098570.000;	       err32
20250721;	171932;	1753098572.000;	       err32
20250721;	171934;	1753098574.000;	       err32
20250721;	171936;	1753098576.000;	       err32
20250721;	171938;	1753098578.000;	       err32
20250721;	171940;	1753098580.000;	       err32
20250721;	171942;	1753098582.000;	       err32
20250721;	171944;	1753098584.000;	       err32
20250721;	171946;	1753098586.000;	       err32
20250721;	171948;	1753098588.000;	       err32
20250721;	171950;	1753098590.000;	       err32
20250721;	171952;	1753098592.000;	       err32
20250721;	171954;	1753098594.000;	       err32
20250721;	171956;	1753098596.000;	       err32
20250721;	171958;	1753098598.000;	       err32
20250721;	172000;	1753098600.000;	       err32
20250721;	172002;	1753098602.000;	       err32
20250721;	172004;	1753098604.000;	       err32
20250721;	172006;	1753098606.000;	       err32
20250721;	172008;	1753098608.000;	       err32
20250721;	172010;	1753098610.000;	       err32
20250721;	172012;	1753098612.000;	       err32
20250721;	172014;	1753098614.000;	       err32
20250721;	172016;	1753098616.000;	       err32
20250721;	172018;	1753098618.000;	       err32
20250721;	172020;	1753098620.000;	       err32
20250721;	172022;	1753098622.000;	       err32
20250721;	172024;	1753098624.000;	       err32
20250721;	172026;	1753098626.000;	       err32
20250721;	172028;	1753098628.000;	       err32
20250721;	172030;	1753098630.000;	       err32
20250721;	172032;	1753098632.000;	       err32
20250721;	172034;	1753098634.000;	       err32
20250721;	172036;	1753098636.000;	       err32
20250721;	172038;	1753098638.000;	       err32
20250721;	172040;	1753098640.000;	       err32
20250721;	172042;	1753098642.000;	       err32
20250721;	172044;	1753098644.000;	       err32
20250721;	172046;	1753098646.000;	       err32
20250721;	172048;	1753098648.000;	       err32
20250721;	172050;	1753098650.000;	       err32
20250721;	172052;	1753098652.000;	       err32
20250721;	172054;	1753098654.000;	       err32
20250721;	172056;	1753098656.000;	       err32
20250721;	172058;	1753098658.000;	       err32
20250721;	172100;	1753098660.000;	       err32
20250721;	172102;	1753098662.000;	       err32
20250721;	172104;	1753098664.000;	       err32
20250721;	172106;	1753098666.000;	       err32
20250721;	172108;	1753098668.000;	       err32
20250721;	172110;	1753098670.000;	       err32
20250721;	172112;	1753098672.000;	       err32
20250721;	172114;	1753098674.000;	       err32
20250721;	172116;	1753098676.000;	       err32
20250721;	172118;	1753098678.000;	       err32
20250721;	172120;	1753098680.000;	       err32
20250721;	172122;	1753098682.000;	       err32
20250721;	172124;	1753098684.000;	       err32
20250721;	172126;	1753098686.000;	       err32
20250721;	172128;	1753098688.000;	       err32
20250721;	172130;	1753098690.000;	       err32
20250721;	172132;	1753098692.000;	       err32
20250721;	172134;	1753098694.000;	       err32
20250721;	172136;	1753098696.000;	       err32
20250721;	172138;	1753098698.000;	       err32
20250721;	172140;	1753098700.000;	       err32
20250721;	172142;	1753098702.000;	       err32
20250721;	172144;	1753098704.000;	       err32
20250721;	172146;	1753098706.000;	       err32
20250721;	172148;	1753098708.000;	       err32
20250721;	172150;	1753098710.000;	       err32
20250721;	172152;	1753098712.000;	       err32
20250721;	172154;	1753098714.000;	       err32
20250721;	172156;	1753098716.000;	       err32
20250721;	172158;	1753098718.000;	       err32
20250721;	172200;	1753098720.000;	       err32
20250721;	172202;	1753098722.000;	       err32
20250721;	172204;	1753098724.000;	       err32
20250721;	172206;	1753098726.000;	       err32
20250721;	172208;	1753098728.000;	       err32
20250721;	172210;	1753098730.000;	       err32
20250721;	172212;	1753098732.000;	       err32
20250721;	172214;	1753098734.000;	       err32
20250721;	172216;	1753098736.000;	       err32
20250721;	172218;	1753098738.000;	       err32
20250721;	172220;	1753098740.000;	       err32
20250721;	172222;	1753098742.000;	       err32
20250721;	172224;	1753098744.000;	       err32
20250721;	172226;	1753098746.000;	       err32
20250721;	172228;	1753098748.000;	       err32
20250721;	172230;	1753098750.000;	       err32
20250721;	172232;	1753098752.000;	       err32
20250721;	172234;	1753098754.000;	       err32
20250721;	172236;	1753098756.000;	       err32
20250721;	172238;	1753098758.000;	       err32
20250721;	172240;	1753098760.000;	       err32
20250721;	172242;	1753098762.000;	       err32
20250721;	172244;	1753098764.000;	       err32
20250721;	172246;	1753098766.000;	       err32
20250721;	172248;	1753098768.000;	       err32
20250721;	172250;	1753098770.000;	       err32
20250721;	172252;	1753098772.000;	       err32
20250721;	172254;	1753098774.000;	       err32
20250721;	172256;	1753098776.000;	       err32
20250721;	172258;	1753098778.000;	       err32
20250721;	172300;	1753098780.000;	       err32
20250721;	172302;	1753098782.000;	       err32
20250721;	172304;	1753098784.000;	       err32
20250721;	172306;	1753098786.000;	       err32
20250721;	172308;	1753098788.000;	       err32
20250721;	172310;	1753098790.000;	       err32
20250721;	172312;	1753098792.000;	       err32
20250721;	172314;	1753098794.000;	       err32
20250721;	172316;	1753098796.000;	       err32
20250721;	172318;	1753098798.000;	       err32
20250721;	172320;	1753098800.000;	       err32
20250721;	172322;	1753098802.000;	       err32
20250721;	172324;	1753098804.000;	       err32
20250721;	172326;	1753098806.000;	       err32
20250721;	172328;	1753098808.000;	       err32
20250721;	172330;	1753098810.000;	       err32
20250721;	172332;	1753098812.000;	       err32
20250721;	172334;	1753098814.000;	       err32
20250721;	172336;	1753098816.000;	       err32
20250721;	172338;	1753098818.000;	        err9
20250721;	172340;	1753098820.000;	        err9
20250721;	172342;	1753098822.000;	        err9
20250721;	172344;	1753098824.000;	        err9
20250721;	172346;	1753098826.000;	        err9
20250721;	172348;	1753098828.000;	        err9
20250721;	172350;	1753098830.000;	        err9
20250721;	172352;	1753098832.000;	        err9
20250721;	172354;	1753098834.000;	        err9
20250721;	172356;	1753098836.000;	        err9
20250721;	172358;	1753098838.000;	        err9
20250721;	172400;	1753098840.000;	        err9
20250721;	172402;	1753098842.000;	        err9
20250721;	172404;	1753098844.000;	        err9
20250721;	172406;	1753098846.000;	       err32
20250721;	172408;	1753098848.000;	       err32
20250721;	172410;	1753098850.000;	       err32
20250721;	172412;	1753098852.000;	       err32
20250721;	172414;	1753098854.000;	       err32
20250721;	172416;	1753098856.000;	           0
20250721;	172418;	1753098858.000;	           0
20250721;	172420;	1753098860.000;	           0
20250721;	172422;	1753098862.000;	           0
20250721;	172424;	1753098864.000;	           0
20250721;	172426;	1753098866.000;	           0
20250721;	172428;	1753098868.000;	           0
20250721;	172430;	1753098870.000;	           0
20250721;	172432;	1753098872.000;	           0
20250721;	172434;	1753098874.000;	           0
20250721;	172436;	1753098876.000;	           0
20250721;	172438;	1753098878.000;	           0
20250721;	172440;	1753098880.000;	           0
20250721;	172442;	1753098882.000;	           0
20250721;	172444;	1753098884.000;	           0
20250721;	172446;	1753098886.000;	           0
20250721;	172448;	1753098888.000;	           0
20250721;	172450;	1753098890.000;	           0
20250721;	172452;	1753098892.000;	           0
20250721;	172454;	1753098894.000;	           0
20250721;	172456;	1753098896.000;	           0
20250721;	172458;	1753098898.000;	           0
20250721;	172500;	1753098900.000;	           0
20250721;	172502;	1753098902.000;	           0
20250721;	172504;	1753098904.000;	           0
20250721;	172506;	1753098906.000;	           0
20250721;	172508;	1753098908.000;	           0
20250721;	172510;	1753098910.000;	           0
20250721;	172512;	1753098912.000;	           0
20250721;	172514;	1753098914.000;	           0
20250721;	172516;	1753098916.000;	           0
20250721;	172518;	1753098918.000;	           0
20250721;	172520;	1753098920.000;	           0
20250721;	172522;	1753098922.000;	           0
20250721;	172524;	1753098924.000;	           0
20250721;	172526;	1753098926.000;	           0
20250721;	172528;	1753098928.000;	           0
20250721;	172530;	1753098930.000;	           0
20250721;	172532;	1753098932.000;	           0
20250721;	172534;	1753098934.000;	           0
20250721;	172536;	1753098936.000;	           0
20250721;	172538;	1753098938.000;	           0
20250721;	172540;	1753098940.000;	           0
20250721;	172542;	1753098942.000;	           0
20250721;	172544;	1753098944.000;	           0
20250721;	172546;	1753098946.000;	           0
20250721;	172548;	1753098948.000;	           0
20250721;	172550;	1753098950.000;	           0
20250721;	172552;	1753098952.000;	           0
20250721;	172554;	1753098954.000;	           0
20250721;	172556;	1753098956.000;	           0
20250721;	172558;	1753098958.000;	           0
20250721;	172600;	1753098960.000;	           0
20250721;	172602;	1753098962.000;	           0
20250721;	172604;	1753098964.000;	           0
20250721;	172606;	1753098966.000;	           0
20250721;	172608;	1753098968.000;	           0
20250721;	172610;	1753098970.000;	           0
20250721;	172612;	1753098972.000;	           0
20250721;	172614;	1753098974.000;	           0
20250721;	172616;	1753098976.000;	           0
20250721;	172618;	1753098978.000;	           0
20250721;	172620;	1753098980.000;	           0
20250721;	172622;	1753098982.000;	           0
20250721;	172624;	1753098984.000;	           0
20250721;	172626;	1753098986.000;	           0
20250721;	172628;	1753098988.000;	           0
20250721;	172630;	1753098990.000;	           0
20250721;	172632;	1753098992.000;	           0
20250721;	172634;	1753098994.000;	           0
20250721;	172636;	1753098996.000;	           0
20250721;	172638;	1753098998.000;	           0
20250721;	172640;	1753099000.000;	           0
20250721;	172642;	1753099002.000;	           0
20250721;	172644;	1753099004.000;	           0
20250721;	172646;	1753099006.000;	           0
20250721;	172648;	1753099008.000;	           0
20250721;	172650;	1753099010.000;	           0
20250721;	172652;	1753099012.000;	           0
20250721;	172654;	1753099014.000;	           0
20250721;	172656;	1753099016.000;	        err9
20250721;	172658;	1753099018.000;	        err9
20250721;	172700;	1753099020.000;	        err9
20250721;	172702;	1753099022.000;	        err9
20250721;	172704;	1753099024.000;	        err9
20250721;	172706;	1753099026.000;	        err9
20250721;	172708;	1753099028.000;	        err9
20250721;	172710;	1753099030.000;	        err9
20250721;	172712;	1753099032.000;	        err9
20250721;	172714;	1753099034.000;	        err9
20250721;	172716;	1753099036.000;	        err9
20250721;	172718;	1753099038.000;	        err9
20250721;	172720;	1753099040.000;	        err9
20250721;	172722;	1753099042.000;	        err9
20250721;	172724;	1753099044.000;	        err9
20250721;	172726;	1753099046.000;	        err9
20250721;	172728;	1753099048.000;	        err9
20250721;	172730;	1753099050.000;	        err9
20250721;	172732;	1753099052.000;	        err9
20250721;	172734;	1753099054.000;	        err9
20250721;	172736;	1753099056.000;	        err9
20250721;	172738;	1753099058.000;	        err9
20250721;	172740;	1753099060.000;	        err9
20250721;	172742;	1753099062.000;	        err9
20250721;	172744;	1753099064.000;	        err9
20250721;	172746;	1753099066.000;	        err9
20250721;	172748;	1753099068.000;	        err9
20250721;	172750;	1753099070.000;	        err9
20250721;	172752;	1753099072.000;	        err9
20250721;	172754;	1753099074.000;	        err9
20250721;	172756;	1753099076.000;	        err9
20250721;	172758;	1753099078.000;	        err9
20250721;	172800;	1753099080.000;	        err9
20250721;	172802;	1753099082.000;	        err9
20250721;	172804;	1753099084.000;	        err9
20250721;	172806;	1753099086.000;	        err9
20250721;	172808;	1753099088.000;	        err9
20250721;	172810;	1753099090.000;	        err9
20250721;	172812;	1753099092.000;	        err9
20250721;	172814;	1753099094.000;	        err9
20250721;	172816;	1753099096.000;	        err9
20250721;	172818;	1753099098.000;	        err9
20250721;	172820;	1753099100.000;	        err9
20250721;	172822;	1753099102.000;	        err9
20250721;	172824;	1753099104.000;	        err9
20250721;	172826;	1753099106.000;	        err9
20250721;	172828;	1753099108.000;	        err9
20250721;	172830;	1753099110.000;	        err9
20250721;	172832;	1753099112.000;	        err9
20250721;	172834;	1753099114.000;	        err9
20250721;	172836;	1753099116.000;	        err9
20250721;	172838;	1753099118.000;	        err9
20250721;	172840;	1753099120.000;	        err9
20250721;	172842;	1753099122.000;	        err9
20250721;	172844;	1753099124.000;	        err9
20250721;	172846;	1753099126.000;	        err9
20250721;	172848;	1753099128.000;	        err9
20250721;	172850;	1753099130.000;	        err9
20250721;	172852;	1753099132.000;	        err9
20250721;	172854;	1753099134.000;	        err9
20250721;	172856;	1753099136.000;	        err9
20250721;	172858;	1753099138.000;	        err9
20250721;	172900;	1753099140.000;	        err9
20250721;	172902;	1753099142.000;	        err9
20250721;	172904;	1753099144.000;	        err9
20250721;	172906;	1753099146.000;	        err9
20250721;	172908;	1753099148.000;	        err9
20250721;	172910;	1753099150.000;	        err9
20250721;	172912;	1753099152.000;	        err9
20250721;	172914;	1753099154.000;	        err9
20250721;	172916;	1753099156.000;	        err9
20250721;	172918;	1753099158.000;	        err9
20250721;	172920;	1753099160.000;	        err9
20250721;	172922;	1753099162.000;	        err9
20250721;	172924;	1753099164.000;	        err9
20250721;	172926;	1753099166.000;	        err9
20250721;	172928;	1753099168.000;	        err9
20250721;	172930;	1753099170.000;	        err9
20250721;	172932;	1753099172.000;	        err9
20250721;	172934;	1753099174.000;	        err9
20250721;	172936;	1753099176.000;	        err9
20250721;	172938;	1753099178.000;	        err9
20250721;	172940;	1753099180.000;	        err9
20250721;	172942;	1753099182.000;	        err9
20250721;	172944;	1753099184.000;	        err9
20250721;	172946;	1753099186.000;	        err9
20250721;	172948;	1753099188.000;	        err9
20250721;	172950;	1753099190.000;	       err32
20250721;	172952;	1753099192.000;	       err32
20250721;	172954;	1753099194.000;	       err32
20250721;	172956;	1753099196.000;	       err32
20250721;	172958;	1753099198.000;	       err32
20250721;	173000;	1753099200.000;	       err32
20250721;	173002;	1753099202.000;	        err8
20250721;	173004;	1753099204.000;	           0
20250721;	173006;	1753099206.000;	           0
20250721;	173008;	1753099208.000;	           0
20250721;	173010;	1753099210.000;	           0
20250721;	173012;	1753099212.000;	           0
20250721;	173014;	1753099214.000;	           0
20250721;	173016;	1753099216.000;	           0
20250721;	173018;	1753099218.000;	           0
20250721;	173020;	1753099220.000;	           0
20250721;	173022;	1753099222.000;	           0
20250721;	173024;	1753099224.000;	           0
20250721;	173026;	1753099226.000;	           0
20250721;	173028;	1753099228.000;	           0
20250721;	173030;	1753099230.000;	           0
20250721;	173032;	1753099232.000;	           0
20250721;	173034;	1753099234.000;	           0
20250721;	173036;	1753099236.000;	           0
20250721;	173038;	1753099238.000;	           0
20250721;	173040;	1753099240.000;	           0
20250721;	173042;	1753099242.000;	           0
20250721;	173044;	1753099244.000;	           0
20250721;	173046;	1753099246.000;	           0
20250721;	173048;	1753099248.000;	           0
20250721;	173050;	1753099250.000;	           0
20250721;	173052;	1753099252.000;	           0
20250721;	173054;	1753099254.000;	           0
20250721;	173056;	1753099256.000;	           0
20250721;	173058;	1753099258.000;	           0
20250721;	173100;	1753099260.000;	           0
20250721;	173102;	1753099262.000;	           0
20250721;	173104;	1753099264.000;	           0
20250721;	173106;	1753099266.000;	           0
20250721;	173108;	1753099268.000;	           0
20250721;	173110;	1753099270.000;	           0
20250721;	173112;	1753099272.000;	           0
20250721;	173114;	1753099274.000;	           0
20250721;	173116;	1753099276.000;	           0
20250721;	173118;	1753099278.000;	           0
20250721;	173120;	1753099280.000;	           0
20250721;	173122;	1753099282.000;	           0
20250721;	173124;	1753099284.000;	           0
20250721;	173126;	1753099286.000;	           0
20250721;	173128;	1753099288.000;	           0
20250721;	173130;	1753099290.000;	           0
20250721;	173132;	1753099292.000;	           0
20250721;	173134;	1753099294.000;	           0
20250721;	173136;	1753099296.000;	           0
20250721;	173138;	1753099298.000;	           0
20250721;	173140;	1753099300.000;	           0
20250721;	173142;	1753099302.000;	           0
20250721;	173144;	1753099304.000;	           0
20250721;	173146;	1753099306.000;	           0
20250721;	173148;	1753099308.000;	           0
20250721;	173150;	1753099310.000;	           0
20250721;	173152;	1753099312.000;	           0
20250721;	173154;	1753099314.000;	           0
20250721;	173156;	1753099316.000;	           0
20250721;	173158;	1753099318.000;	           0
20250721;	173200;	1753099320.000;	           0
20250721;	173202;	1753099322.000;	           0
20250721;	173204;	1753099324.000;	           0
20250721;	173206;	1753099326.000;	           0
20250721;	173208;	1753099328.000;	           0
20250721;	173210;	1753099330.000;	           0
20250721;	173212;	1753099332.000;	           0
20250721;	173214;	1753099334.000;	           0
20250721;	173216;	1753099336.000;	           0
20250721;	173218;	1753099338.000;	           0
20250721;	173220;	1753099340.000;	           0
20250721;	173222;	1753099342.000;	           0
20250721;	173224;	1753099344.000;	           0
20250721;	173226;	1753099346.000;	           0
20250721;	173228;	1753099348.000;	           0
20250721;	173230;	1753099350.000;	           0
20250721;	173232;	1753099352.000;	           0
20250721;	173234;	1753099354.000;	           0
20250721;	173236;	1753099356.000;	           0
20250721;	173238;	1753099358.000;	           0
20250721;	173240;	1753099360.000;	           0
20250721;	173242;	1753099362.000;	           0
20250721;	173244;	1753099364.000;	           0
20250721;	173246;	1753099366.000;	           0
20250721;	173248;	1753099368.000;	           0
20250721;	173250;	1753099370.000;	           0
20250721;	173252;	1753099372.000;	           0
20250721;	173254;	1753099374.000;	           0
20250721;	173256;	1753099376.000;	           0
20250721;	173258;	1753099378.000;	           0
20250721;	173300;	1753099380.000;	           0
20250721;	173302;	1753099382.000;	           0
20250721;	173304;	1753099384.000;	           0
20250721;	173306;	1753099386.000;	           0
20250721;	173308;	1753099388.000;	           0
20250721;	173310;	1753099390.000;	           0
20250721;	173312;	1753099392.000;	           0
20250721;	173314;	1753099394.000;	           0
20250721;	173316;	1753099396.000;	           0
20250721;	173318;	1753099398.000;	           0
20250721;	173320;	1753099400.000;	           0
20250721;	173322;	1753099402.000;	           0
20250721;	173324;	1753099404.000;	           0
20250721;	173326;	1753099406.000;	           0
20250721;	173328;	1753099408.000;	           0
20250721;	173330;	1753099410.000;	           0
20250721;	173332;	1753099412.000;	           0
20250721;	173334;	1753099414.000;	           0
20250721;	173336;	1753099416.000;	           0
20250721;	173338;	1753099418.000;	           0
20250721;	173340;	1753099420.000;	           0
20250721;	173342;	1753099422.000;	           0
20250721;	173344;	1753099424.000;	           0
20250721;	173346;	1753099426.000;	           0
20250721;	173348;	1753099428.000;	           0
20250721;	173350;	1753099430.000;	           0
20250721;	173352;	1753099432.000;	           0
20250721;	173354;	1753099434.000;	           0
20250721;	173356;	1753099436.000;	           0
20250721;	173358;	1753099438.000;	           0
20250721;	173400;	1753099440.000;	           0
20250721;	173402;	1753099442.000;	           0
20250721;	173404;	1753099444.000;	           0
20250721;	173406;	1753099446.000;	           0
20250721;	173408;	1753099448.000;	           0
20250721;	173410;	1753099450.000;	           0
20250721;	173412;	1753099452.000;	           0
20250721;	173414;	1753099454.000;	           0
20250721;	173416;	1753099456.000;	           0
20250721;	173418;	1753099458.000;	           0
20250721;	173420;	1753099460.000;	           0
20250721;	173422;	1753099462.000;	           0
20250721;	173424;	1753099464.000;	           0
20250721;	173426;	1753099466.000;	           0
20250721;	173428;	1753099468.000;	           0
20250721;	173430;	1753099470.000;	           0
20250721;	173432;	1753099472.000;	           0
20250721;	173434;	1753099474.000;	           0
20250721;	173436;	1753099476.000;	           0
20250721;	173438;	1753099478.000;	           0
20250721;	173440;	1753099480.000;	           0
20250721;	173442;	1753099482.000;	           0
20250721;	173444;	1753099484.000;	           0
20250721;	173446;	1753099486.000;	           0
20250721;	173448;	1753099488.000;	           0
20250721;	173450;	1753099490.000;	           0
20250721;	173452;	1753099492.000;	           0
20250721;	173454;	1753099494.000;	           0
20250721;	173456;	1753099496.000;	           0
20250721;	173458;	1753099498.000;	           0
20250721;	173500;	1753099500.000;	           0
20250721;	173502;	1753099502.000;	           0
20250721;	173504;	1753099504.000;	           0
20250721;	173506;	1753099506.000;	           0
20250721;	173508;	1753099508.000;	           0
20250721;	173510;	1753099510.000;	           0
20250721;	173512;	1753099512.000;	           0
20250721;	173514;	1753099514.000;	           0
20250721;	173516;	1753099516.000;	           0
20250721;	173518;	1753099518.000;	           0
20250721;	173520;	1753099520.000;	           0
20250721;	173522;	1753099522.000;	           0
20250721;	173524;	1753099524.000;	           0
20250721;	173526;	1753099526.000;	           0
20250721;	173528;	1753099528.000;	           0
20250721;	173530;	1753099530.000;	           0
20250721;	173532;	1753099532.000;	           0
20250721;	173534;	1753099534.000;	           0
20250721;	173536;	1753099536.000;	           0
20250721;	173538;	1753099538.000;	           0
20250721;	173540;	1753099540.000;	           0
20250721;	173542;	1753099542.000;	           0
20250721;	173544;	1753099544.000;	           0
20250721;	173546;	1753099546.000;	           0
20250721;	173548;	1753099548.000;	           0
20250721;	173550;	1753099550.000;	           0
20250721;	173552;	1753099552.000;	           0
20250721;	173554;	1753099554.000;	           0
20250721;	173556;	1753099556.000;	           0
20250721;	173558;	1753099558.000;	           0
20250721;	173600;	1753099560.000;	           0
20250721;	173602;	1753099562.000;	           0
20250721;	173604;	1753099564.000;	           0
20250721;	173606;	1753099566.000;	           0
20250721;	173608;	1753099568.000;	           0
20250721;	173610;	1753099570.000;	           0
20250721;	173612;	1753099572.000;	           0
20250721;	173614;	1753099574.000;	           0
20250721;	173616;	1753099576.000;	           0
20250721;	173618;	1753099578.000;	           0
20250721;	173620;	1753099580.000;	           0
20250721;	173622;	1753099582.000;	           0
20250721;	173624;	1753099584.000;	           0
20250721;	173626;	1753099586.000;	           0
20250721;	173628;	1753099588.000;	           0
20250721;	173630;	1753099590.000;	           0
20250721;	173632;	1753099592.000;	           0
20250721;	173634;	1753099594.000;	           0
20250721;	173636;	1753099596.000;	           0
20250721;	173638;	1753099598.000;	           0
20250721;	173640;	1753099600.000;	           0
20250721;	173642;	1753099602.000;	           0
20250721;	173644;	1753099604.000;	           0
20250721;	173646;	1753099606.000;	           0
20250721;	173648;	1753099608.000;	           0
20250721;	173650;	1753099610.000;	           0
20250721;	173652;	1753099612.000;	           0
20250721;	173654;	1753099614.000;	           0
20250721;	173656;	1753099616.000;	           0
20250721;	173658;	1753099618.000;	           0
20250721;	173700;	1753099620.000;	           0
20250721;	173702;	1753099622.000;	           0
20250721;	173704;	1753099624.000;	           0
20250721;	173706;	1753099626.000;	           0
20250721;	173708;	1753099628.000;	           0
20250721;	173710;	1753099630.000;	           0
20250721;	173712;	1753099632.000;	           0
20250721;	173714;	1753099634.000;	           0
20250721;	173716;	1753099636.000;	           0
20250721;	173718;	1753099638.000;	           0
20250721;	173720;	1753099640.000;	           0
20250721;	173722;	1753099642.000;	           0
20250721;	173724;	1753099644.000;	           0
20250721;	173726;	1753099646.000;	           0
20250721;	173728;	1753099648.000;	           0
20250721;	173730;	1753099650.000;	           0
20250721;	173732;	1753099652.000;	           0
20250721;	173734;	1753099654.000;	           0
20250721;	173736;	1753099656.000;	           0
20250721;	173738;	1753099658.000;	           0
20250721;	173740;	1753099660.000;	           0
20250721;	173742;	1753099662.000;	           0
20250721;	173744;	1753099664.000;	           0
20250721;	173746;	1753099666.000;	           0
20250721;	173748;	1753099668.000;	           0
20250721;	173750;	1753099670.000;	           0
20250721;	173752;	1753099672.000;	           0
20250721;	173754;	1753099674.000;	           0
20250721;	173756;	1753099676.000;	           0
20250721;	173758;	1753099678.000;	           0
20250721;	173800;	1753099680.000;	           0
20250721;	173802;	1753099682.000;	           0
20250721;	173804;	1753099684.000;	           0
20250721;	173806;	1753099686.000;	           0
20250721;	173808;	1753099688.000;	           0
20250721;	173810;	1753099690.000;	           0
20250721;	173812;	1753099692.000;	           0
20250721;	173814;	1753099694.000;	           0
20250721;	173816;	1753099696.000;	           0
20250721;	173818;	1753099698.000;	           0
20250721;	173820;	1753099700.000;	           0
20250721;	173822;	1753099702.000;	           0
20250721;	173824;	1753099704.000;	           0
20250721;	173826;	1753099706.000;	           0
20250721;	173828;	1753099708.000;	           0
20250721;	173830;	1753099710.000;	           0
20250721;	173832;	1753099712.000;	           0
20250721;	173834;	1753099714.000;	           0
20250721;	173836;	1753099716.000;	           0
20250721;	173838;	1753099718.000;	           0
20250721;	173840;	1753099720.000;	           0
20250721;	173842;	1753099722.000;	           0
20250721;	173844;	1753099724.000;	           0
20250721;	173846;	1753099726.000;	           0
20250721;	173848;	1753099728.000;	           0
20250721;	173850;	1753099730.000;	           0
20250721;	173852;	1753099732.000;	           0
20250721;	173854;	1753099734.000;	           0
20250721;	173856;	1753099736.000;	           0
20250721;	173858;	1753099738.000;	           0
20250721;	173900;	1753099740.000;	           0
20250721;	173902;	1753099742.000;	           0
20250721;	173904;	1753099744.000;	           0
20250721;	173906;	1753099746.000;	           0
20250721;	173908;	1753099748.000;	           0
20250721;	173910;	1753099750.000;	           0
20250721;	173912;	1753099752.000;	           0
20250721;	173914;	1753099754.000;	           0
20250721;	173916;	1753099756.000;	           0
20250721;	173918;	1753099758.000;	           0
20250721;	173920;	1753099760.000;	           0
20250721;	173922;	1753099762.000;	           0
20250721;	173924;	1753099764.000;	           0
20250721;	173926;	1753099766.000;	           0
20250721;	173928;	1753099768.000;	           0
20250721;	173930;	1753099770.000;	           0
20250721;	173932;	1753099772.000;	           0
20250721;	173934;	1753099774.000;	           0
20250721;	173936;	1753099776.000;	           0
20250721;	173938;	1753099778.000;	           0
20250721;	173940;	1753099780.000;	           0
20250721;	173942;	1753099782.000;	           0
20250721;	173944;	1753099784.000;	           0
20250721;	173946;	1753099786.000;	           0
20250721;	173948;	1753099788.000;	           0
20250721;	173950;	1753099790.000;	           0
20250721;	173952;	1753099792.000;	           0
20250721;	173954;	1753099794.000;	           0
20250721;	173956;	1753099796.000;	           0
20250721;	173958;	1753099798.000;	           0
20250721;	174000;	1753099800.000;	           0
20250721;	174002;	1753099802.000;	           0
20250721;	174004;	1753099804.000;	           0
20250721;	174006;	1753099806.000;	           0
20250721;	174008;	1753099808.000;	           0
20250721;	174010;	1753099810.000;	           0
20250721;	174012;	1753099812.000;	           0
20250721;	174014;	1753099814.000;	           0
20250721;	174016;	1753099816.000;	           0
20250721;	174018;	1753099818.000;	           0
20250721;	174020;	1753099820.000;	           0
20250721;	174022;	1753099822.000;	           0
20250721;	174024;	1753099824.000;	           0
20250721;	174026;	1753099826.000;	           0
20250721;	174028;	1753099828.000;	           0
20250721;	174030;	1753099830.000;	           0
20250721;	174032;	1753099832.000;	           0
20250721;	174034;	1753099834.000;	           0
20250721;	174036;	1753099836.000;	           0
20250721;	174038;	1753099838.000;	           0
20250721;	174040;	1753099840.000;	           0
20250721;	174042;	1753099842.000;	           0
20250721;	174044;	1753099844.000;	           0
20250721;	174046;	1753099846.000;	           0
20250721;	174048;	1753099848.000;	           0
20250721;	174050;	1753099850.000;	           0
20250721;	174052;	1753099852.000;	           0
20250721;	174054;	1753099854.000;	           0
20250721;	174056;	1753099856.000;	           0
20250721;	174058;	1753099858.000;	           0
20250721;	174100;	1753099860.000;	           0
20250721;	174102;	1753099862.000;	           0
20250721;	174104;	1753099864.000;	           0
20250721;	174106;	1753099866.000;	           0
20250721;	174108;	1753099868.000;	           0
20250721;	174110;	1753099870.000;	           0
20250721;	174112;	1753099872.000;	           0
20250721;	174114;	1753099874.000;	           0
20250721;	174116;	1753099876.000;	           0
20250721;	174118;	1753099878.000;	           0
20250721;	174120;	1753099880.000;	           0
20250721;	174122;	1753099882.000;	           0
20250721;	174124;	1753099884.000;	           0
20250721;	174126;	1753099886.000;	           0
20250721;	174128;	1753099888.000;	           0
20250721;	174130;	1753099890.000;	           0
20250721;	174132;	1753099892.000;	           0
20250721;	174134;	1753099894.000;	           0
20250721;	174136;	1753099896.000;	           0
20250721;	174138;	1753099898.000;	           0
20250721;	174140;	1753099900.000;	           0
20250721;	174142;	1753099902.000;	           0
20250721;	174144;	1753099904.000;	           0
20250721;	174146;	1753099906.000;	           0
20250721;	174148;	1753099908.000;	           0
20250721;	174150;	1753099910.000;	           0
20250721;	174152;	1753099912.000;	           0
20250721;	174154;	1753099914.000;	           0
20250721;	174156;	1753099916.000;	           0
20250721;	174158;	1753099918.000;	           0
20250721;	174200;	1753099920.000;	           0
20250721;	174202;	1753099922.000;	           0
20250721;	174204;	1753099924.000;	           0
20250721;	174206;	1753099926.000;	           0
20250721;	174208;	1753099928.000;	           0
20250721;	174210;	1753099930.000;	           0
20250721;	174212;	1753099932.000;	           0
20250721;	174214;	1753099934.000;	           0
20250721;	174216;	1753099936.000;	           0
20250721;	174218;	1753099938.000;	           0
20250721;	174220;	1753099940.000;	           0
20250721;	174222;	1753099942.000;	           0
20250721;	174224;	1753099944.000;	           0
20250721;	174226;	1753099946.000;	           0
20250721;	174228;	1753099948.000;	           0
20250721;	174230;	1753099950.000;	           0
20250721;	174232;	1753099952.000;	           0
20250721;	174234;	1753099954.000;	           0
20250721;	174236;	1753099956.000;	           0
20250721;	174238;	1753099958.000;	           0
20250721;	174240;	1753099960.000;	           0
20250721;	174242;	1753099962.000;	           0
20250721;	174244;	1753099964.000;	           0
20250721;	174246;	1753099966.000;	           0
20250721;	174248;	1753099968.000;	           0
20250721;	174250;	1753099970.000;	           0
20250721;	174252;	1753099972.000;	           0
20250721;	174254;	1753099974.000;	           0
20250721;	174256;	1753099976.000;	           0
20250721;	174258;	1753099978.000;	           0
20250721;	174300;	1753099980.000;	           0
20250721;	174302;	1753099982.000;	           0
20250721;	174304;	1753099984.000;	           0
20250721;	174306;	1753099986.000;	           0
20250721;	174308;	1753099988.000;	           0
20250721;	174310;	1753099990.000;	           0
20250721;	174312;	1753099992.000;	           0
20250721;	174314;	1753099994.000;	           0
20250721;	174316;	1753099996.000;	           0
20250721;	174318;	1753099998.000;	           0
20250721;	174320;	1753100000.000;	           0
20250721;	174322;	1753100002.000;	           0
20250721;	174324;	1753100004.000;	           0
20250721;	174326;	1753100006.000;	           0
20250721;	174328;	1753100008.000;	           0
20250721;	174330;	1753100010.000;	           0
20250721;	174332;	1753100012.000;	           0
20250721;	174334;	1753100014.000;	           0
20250721;	174336;	1753100016.000;	           0
20250721;	174338;	1753100018.000;	           0
20250721;	174340;	1753100020.000;	           0
20250721;	174342;	1753100022.000;	           0
20250721;	174344;	1753100024.000;	           0
20250721;	174346;	1753100026.000;	           0
20250721;	174348;	1753100028.000;	           0
20250721;	174350;	1753100030.000;	           0
20250721;	174352;	1753100032.000;	           0
20250721;	174354;	1753100034.000;	           0
20250721;	174356;	1753100036.000;	           0
20250721;	174358;	1753100038.000;	           0
20250721;	174400;	1753100040.000;	           0
20250721;	174402;	1753100042.000;	           0
20250721;	174404;	1753100044.000;	           0
20250721;	174406;	1753100046.000;	           0
20250721;	174408;	1753100048.000;	           0
20250721;	174410;	1753100050.000;	           0
20250721;	174412;	1753100052.000;	           0
20250721;	174414;	1753100054.000;	           0
20250721;	174416;	1753100056.000;	           0
20250721;	174418;	1753100058.000;	           0
20250721;	174420;	1753100060.000;	           0
20250721;	174422;	1753100062.000;	           0
20250721;	174424;	1753100064.000;	           0
20250721;	174426;	1753100066.000;	           0
20250721;	174428;	1753100068.000;	           0
20250721;	174430;	1753100070.000;	           0
20250721;	174432;	1753100072.000;	           0
20250721;	174434;	1753100074.000;	           0
20250721;	174436;	1753100076.000;	           0
20250721;	174438;	1753100078.000;	           0
20250721;	174440;	1753100080.000;	           0
20250721;	174442;	1753100082.000;	           0
20250721;	174444;	1753100084.000;	           0
20250721;	174446;	1753100086.000;	           0
20250721;	174448;	1753100088.000;	           0
20250721;	174450;	1753100090.000;	           0
20250721;	174452;	1753100092.000;	           0
20250721;	174454;	1753100094.000;	           0
20250721;	174456;	1753100096.000;	           0
20250721;	174458;	1753100098.000;	           0
20250721;	174500;	1753100100.000;	           0
20250721;	174502;	1753100102.000;	           0
20250721;	174504;	1753100104.000;	           0
20250721;	174506;	1753100106.000;	           0
20250721;	174508;	1753100108.000;	           0
20250721;	174510;	1753100110.000;	           0
20250721;	174512;	1753100112.000;	           0
20250721;	174514;	1753100114.000;	           0
20250721;	174516;	1753100116.000;	           0
20250721;	174518;	1753100118.000;	           0
20250721;	174520;	1753100120.000;	           0
20250721;	174522;	1753100122.000;	           0
20250721;	174524;	1753100124.000;	           0
20250721;	174526;	1753100126.000;	           0
20250721;	174528;	1753100128.000;	           0
20250721;	174530;	1753100130.000;	           0
20250721;	174532;	1753100132.000;	           0
20250721;	174534;	1753100134.000;	           0
20250721;	174536;	1753100136.000;	           0
20250721;	174538;	1753100138.000;	           0
20250721;	174540;	1753100140.000;	           0
20250721;	174542;	1753100142.000;	           0
20250721;	174544;	1753100144.000;	           0
20250721;	174546;	1753100146.000;	           0
20250721;	174548;	1753100148.000;	           0
20250721;	174550;	1753100150.000;	           0
20250721;	174552;	1753100152.000;	           0
20250721;	174554;	1753100154.000;	           0
20250721;	174556;	1753100156.000;	           0
20250721;	174558;	1753100158.000;	           0
20250721;	174600;	1753100160.000;	           0
20250721;	174602;	1753100162.000;	           0
20250721;	174604;	1753100164.000;	           0
20250721;	174606;	1753100166.000;	           0
20250721;	174608;	1753100168.000;	           0
20250721;	174610;	1753100170.000;	           0
20250721;	174612;	1753100172.000;	           0
20250721;	174614;	1753100174.000;	           0
20250721;	174616;	1753100176.000;	           0
20250721;	174618;	1753100178.000;	           0
20250721;	174620;	1753100180.000;	           0
20250721;	174622;	1753100182.000;	           0
20250721;	174624;	1753100184.000;	           0
20250721;	174626;	1753100186.000;	           0
20250721;	174628;	1753100188.000;	           0
20250721;	174630;	1753100190.000;	           0
20250721;	174632;	1753100192.000;	           0
20250721;	174634;	1753100194.000;	           0
20250721;	174636;	1753100196.000;	           0
20250721;	174638;	1753100198.000;	           0
20250721;	174640;	1753100200.000;	           0
20250721;	174642;	1753100202.000;	           0
20250721;	174644;	1753100204.000;	           0
20250721;	174646;	1753100206.000;	           0
20250721;	174648;	1753100208.000;	           0
20250721;	174650;	1753100210.000;	           0
20250721;	174652;	1753100212.000;	           0
20250721;	174654;	1753100214.000;	           0
20250721;	174656;	1753100216.000;	           0
20250721;	174658;	1753100218.000;	           0
20250721;	174700;	1753100220.000;	           0
20250721;	174702;	1753100222.000;	           0
20250721;	174704;	1753100224.000;	           0
20250721;	174706;	1753100226.000;	           0
20250721;	174708;	1753100228.000;	           0
20250721;	174710;	1753100230.000;	           0
20250721;	174712;	1753100232.000;	           0
20250721;	174714;	1753100234.000;	           0
20250721;	174716;	1753100236.000;	           0
20250721;	174718;	1753100238.000;	           0
20250721;	174720;	1753100240.000;	           0
20250721;	174722;	1753100242.000;	           0
20250721;	174724;	1753100244.000;	           0
20250721;	174726;	1753100246.000;	           0
20250721;	174728;	1753100248.000;	           0
20250721;	174730;	1753100250.000;	           0
20250721;	174732;	1753100252.000;	           0
20250721;	174734;	1753100254.000;	           0
20250721;	174736;	1753100256.000;	           0
20250721;	174738;	1753100258.000;	           0
20250721;	174740;	1753100260.000;	           0
20250721;	174742;	1753100262.000;	           0
20250721;	174744;	1753100264.000;	           0
20250721;	174746;	1753100266.000;	           0
20250721;	174748;	1753100268.000;	           0
20250721;	174750;	1753100270.000;	           0
20250721;	174752;	1753100272.000;	           0
20250721;	174754;	1753100274.000;	           0
20250721;	174756;	1753100276.000;	           0
20250721;	174758;	1753100278.000;	           0
20250721;	174800;	1753100280.000;	           0
20250721;	174802;	1753100282.000;	           0
20250721;	174804;	1753100284.000;	           0
20250721;	174806;	1753100286.000;	           0
20250721;	174808;	1753100288.000;	           0
20250721;	174810;	1753100290.000;	           0
20250721;	174812;	1753100292.000;	           0
20250721;	174814;	1753100294.000;	           0
20250721;	174816;	1753100296.000;	           0
20250721;	174818;	1753100298.000;	           0
20250721;	174820;	1753100300.000;	           0
20250721;	174822;	1753100302.000;	           0
20250721;	174824;	1753100304.000;	           0
20250721;	174826;	1753100306.000;	           0
20250721;	174828;	1753100308.000;	           0
20250721;	174830;	1753100310.000;	           0
20250721;	174832;	1753100312.000;	           0
20250721;	174834;	1753100314.000;	           0
20250721;	174836;	1753100316.000;	           0
20250721;	174838;	1753100318.000;	           0
20250721;	174840;	1753100320.000;	           0
20250721;	174842;	1753100322.000;	           0
20250721;	174844;	1753100324.000;	           0
20250721;	174846;	1753100326.000;	           0
20250721;	174848;	1753100328.000;	           0
20250721;	174850;	1753100330.000;	           0
20250721;	174852;	1753100332.000;	           0
20250721;	174854;	1753100334.000;	           0
20250721;	174856;	1753100336.000;	           0
20250721;	174858;	1753100338.000;	           0
20250721;	174900;	1753100340.000;	           0
20250721;	174902;	1753100342.000;	           0
20250721;	174904;	1753100344.000;	           0
20250721;	174906;	1753100346.000;	           0
20250721;	174908;	1753100348.000;	           0
20250721;	174910;	1753100350.000;	           0
20250721;	174912;	1753100352.000;	           0
20250721;	174914;	1753100354.000;	           0
20250721;	174916;	1753100356.000;	           0
20250721;	174918;	1753100358.000;	           0
20250721;	174920;	1753100360.000;	           0
20250721;	174922;	1753100362.000;	           0
20250721;	174924;	1753100364.000;	           0
20250721;	174926;	1753100366.000;	           0
20250721;	174928;	1753100368.000;	           0
20250721;	174930;	1753100370.000;	           0
20250721;	174932;	1753100372.000;	           0
20250721;	174934;	1753100374.000;	           0
20250721;	174936;	1753100376.000;	           0
20250721;	174938;	1753100378.000;	           0
20250721;	174940;	1753100380.000;	           0
20250721;	174942;	1753100382.000;	           0
20250721;	174944;	1753100384.000;	           0
20250721;	174946;	1753100386.000;	           0
20250721;	174948;	1753100388.000;	           0
20250721;	174950;	1753100390.000;	           0
20250721;	174952;	1753100392.000;	           0
20250721;	174954;	1753100394.000;	           0
20250721;	174956;	1753100396.000;	           0
20250721;	174958;	1753100398.000;	           0
20250721;	175000;	1753100400.000;	           0
20250721;	175002;	1753100402.000;	           0
20250721;	175004;	1753100404.000;	           0
20250721;	175006;	1753100406.000;	           0
20250721;	175008;	1753100408.000;	           0
20250721;	175010;	1753100410.000;	           0
20250721;	175012;	1753100412.000;	           0
20250721;	175014;	1753100414.000;	           0
20250721;	175016;	1753100416.000;	           0
20250721;	175018;	1753100418.000;	           0
20250721;	175020;	1753100420.000;	           0
20250721;	175022;	1753100422.000;	           0
20250721;	175024;	1753100424.000;	           0
20250721;	175026;	1753100426.000;	           0
20250721;	175028;	1753100428.000;	           0
20250721;	175030;	1753100430.000;	           0
20250721;	175032;	1753100432.000;	           0
20250721;	175034;	1753100434.000;	           0
20250721;	175036;	1753100436.000;	           0
20250721;	175038;	1753100438.000;	           0
20250721;	175040;	1753100440.000;	           0
20250721;	175042;	1753100442.000;	           0
20250721;	175044;	1753100444.000;	           0
20250721;	175046;	1753100446.000;	           0
20250721;	175048;	1753100448.000;	           0
20250721;	175050;	1753100450.000;	           0
20250721;	175052;	1753100452.000;	           0
20250721;	175054;	1753100454.000;	           0
20250721;	175056;	1753100456.000;	           0
20250721;	175058;	1753100458.000;	           0
20250721;	175100;	1753100460.000;	           0
20250721;	175102;	1753100462.000;	           0
20250721;	175104;	1753100464.000;	           0
20250721;	175106;	1753100466.000;	           0
20250721;	175108;	1753100468.000;	           0
20250721;	175110;	1753100470.000;	           0
20250721;	175112;	1753100472.000;	           0
20250721;	175114;	1753100474.000;	           0
20250721;	175116;	1753100476.000;	           0
20250721;	175118;	1753100478.000;	           0
20250721;	175120;	1753100480.000;	           0
20250721;	175122;	1753100482.000;	           0
20250721;	175124;	1753100484.000;	           0
20250721;	175126;	1753100486.000;	           0
20250721;	175128;	1753100488.000;	           0
20250721;	175130;	1753100490.000;	           0
20250721;	175132;	1753100492.000;	           0
20250721;	175134;	1753100494.000;	           0
20250721;	175136;	1753100496.000;	           0
20250721;	175138;	1753100498.000;	           0
20250721;	175140;	1753100500.000;	           0
20250721;	175142;	1753100502.000;	           0
20250721;	175144;	1753100504.000;	           0
20250721;	175146;	1753100506.000;	           0
20250721;	175148;	1753100508.000;	           0
20250721;	175150;	1753100510.000;	           0
20250721;	175152;	1753100512.000;	           0
20250721;	175154;	1753100514.000;	           0
20250721;	175156;	1753100516.000;	           0
20250721;	175158;	1753100518.000;	           0
20250721;	175200;	1753100520.000;	           0
20250721;	175202;	1753100522.000;	           0
20250721;	175204;	1753100524.000;	           0
20250721;	175206;	1753100526.000;	           0
20250721;	175208;	1753100528.000;	           0
20250721;	175210;	1753100530.000;	           0
20250721;	175212;	1753100532.000;	           0
20250721;	175214;	1753100534.000;	           0
20250721;	175216;	1753100536.000;	           0
20250721;	175218;	1753100538.000;	           0
20250721;	175220;	1753100540.000;	           0
20250721;	175222;	1753100542.000;	           0
20250721;	175224;	1753100544.000;	           0
20250721;	175226;	1753100546.000;	           0
20250721;	175228;	1753100548.000;	           0
20250721;	175230;	1753100550.000;	           0
20250721;	175232;	1753100552.000;	           0
20250721;	175234;	1753100554.000;	           0
20250721;	175236;	1753100556.000;	           0
20250721;	175238;	1753100558.000;	           0
20250721;	175240;	1753100560.000;	           0
20250721;	175242;	1753100562.000;	           0
20250721;	175244;	1753100564.000;	           0
20250721;	175246;	1753100566.000;	           0
20250721;	175248;	1753100568.000;	           0
20250721;	175250;	1753100570.000;	           0
20250721;	175252;	1753100572.000;	           0
20250721;	175254;	1753100574.000;	           0
20250721;	175256;	1753100576.000;	           0
20250721;	175258;	1753100578.000;	           0
20250721;	175300;	1753100580.000;	           0
20250721;	175302;	1753100582.000;	           0
20250721;	175304;	1753100584.000;	           0
20250721;	175306;	1753100586.000;	           0
20250721;	175308;	1753100588.000;	           0
20250721;	175310;	1753100590.000;	           0
20250721;	175312;	1753100592.000;	           0
20250721;	175314;	1753100594.000;	           0
20250721;	175316;	1753100596.000;	           0
20250721;	175318;	1753100598.000;	           0
20250721;	175320;	1753100600.000;	           0
20250721;	175322;	1753100602.000;	           0
20250721;	175324;	1753100604.000;	           0
20250721;	175326;	1753100606.000;	           0
20250721;	175328;	1753100608.000;	           0
20250721;	175330;	1753100610.000;	           0
20250721;	175332;	1753100612.000;	           0
20250721;	175334;	1753100614.000;	           0
20250721;	175336;	1753100616.000;	           0
20250721;	175338;	1753100618.000;	           0
20250721;	175340;	1753100620.000;	           0
20250721;	175342;	1753100622.000;	           0
20250721;	175344;	1753100624.000;	           0
20250721;	175346;	1753100626.000;	           0
20250721;	175348;	1753100628.000;	           0
20250721;	175350;	1753100630.000;	           0
20250721;	175352;	1753100632.000;	           0
20250721;	175354;	1753100634.000;	           0
20250721;	175356;	1753100636.000;	           0
20250721;	175358;	1753100638.000;	           0
20250721;	175400;	1753100640.000;	           0
20250721;	175402;	1753100642.000;	           0
20250721;	175404;	1753100644.000;	           0
20250721;	175406;	1753100646.000;	           0
20250721;	175408;	1753100648.000;	           0
20250721;	175410;	1753100650.000;	           0
20250721;	175412;	1753100652.000;	           0
20250721;	175414;	1753100654.000;	           0
20250721;	175416;	1753100656.000;	           0
20250721;	175418;	1753100658.000;	           0
20250721;	175420;	1753100660.000;	           0
20250721;	175422;	1753100662.000;	           0
20250721;	175424;	1753100664.000;	           0
20250721;	175426;	1753100666.000;	           0
20250721;	175428;	1753100668.000;	           0
20250721;	175430;	1753100670.000;	           0
20250721;	175432;	1753100672.000;	           0
20250721;	175434;	1753100674.000;	           0
20250721;	175436;	1753100676.000;	           0
20250721;	175438;	1753100678.000;	           0
20250721;	175440;	1753100680.000;	           0
20250721;	175442;	1753100682.000;	           0
20250721;	175444;	1753100684.000;	           0
20250721;	175446;	1753100686.000;	           0
20250721;	175448;	1753100688.000;	           0
20250721;	175450;	1753100690.000;	           0
20250721;	175452;	1753100692.000;	           0
20250721;	175454;	1753100694.000;	           0
20250721;	175456;	1753100696.000;	           0
20250721;	175458;	1753100698.000;	           0
20250721;	175500;	1753100700.000;	           0
20250721;	175502;	1753100702.000;	           0
20250721;	175504;	1753100704.000;	           0
20250721;	175506;	1753100706.000;	           0
20250721;	175508;	1753100708.000;	           0
20250721;	175510;	1753100710.000;	           0
20250721;	175512;	1753100712.000;	           0
20250721;	175514;	1753100714.000;	           0
20250721;	175516;	1753100716.000;	           0
20250721;	175518;	1753100718.000;	           0
20250721;	175520;	1753100720.000;	           0
20250721;	175522;	1753100722.000;	           0
20250721;	175524;	1753100724.000;	           0
20250721;	175526;	1753100726.000;	           0
20250721;	175528;	1753100728.000;	           0
20250721;	175530;	1753100730.000;	           0
20250721;	175532;	1753100732.000;	           0
20250721;	175534;	1753100734.000;	           0
20250721;	175536;	1753100736.000;	           0
20250721;	175538;	1753100738.000;	           0
20250721;	175540;	1753100740.000;	           0
20250721;	175542;	1753100742.000;	           0
20250721;	175544;	1753100744.000;	           0
20250721;	175546;	1753100746.000;	           0
20250721;	175548;	1753100748.000;	           0
20250721;	175550;	1753100750.000;	           0
20250721;	175552;	1753100752.000;	           0
20250721;	175554;	1753100754.000;	           0
20250721;	175556;	1753100756.000;	           0
20250721;	175558;	1753100758.000;	           0
20250721;	175600;	1753100760.000;	           0
20250721;	175602;	1753100762.000;	           0
20250721;	175604;	1753100764.000;	           0
20250721;	175606;	1753100766.000;	           0
20250721;	175608;	1753100768.000;	           0
20250721;	175610;	1753100770.000;	           0
20250721;	175612;	1753100772.000;	           0
20250721;	175614;	1753100774.000;	           0
20250721;	175616;	1753100776.000;	           0
20250721;	175618;	1753100778.000;	           0
20250721;	175620;	1753100780.000;	           0
20250721;	175622;	1753100782.000;	           0
20250721;	175624;	1753100784.000;	           0
20250721;	175626;	1753100786.000;	           0
20250721;	175628;	1753100788.000;	           0
20250721;	175630;	1753100790.000;	           0
20250721;	175632;	1753100792.000;	           0
20250721;	175634;	1753100794.000;	           0
20250721;	175636;	1753100796.000;	           0
20250721;	175638;	1753100798.000;	           0
20250721;	175640;	1753100800.000;	           0
20250721;	175642;	1753100802.000;	           0
20250721;	175644;	1753100804.000;	           0
20250721;	175646;	1753100806.000;	           0
20250721;	175648;	1753100808.000;	           0
20250721;	175650;	1753100810.000;	           0
20250721;	175652;	1753100812.000;	           0
20250721;	175654;	1753100814.000;	           0
20250721;	175656;	1753100816.000;	           0
20250721;	175658;	1753100818.000;	           0
20250721;	175700;	1753100820.000;	           0
20250721;	175702;	1753100822.000;	           0
20250721;	175704;	1753100824.000;	           0
20250721;	175706;	1753100826.000;	           0
20250721;	175708;	1753100828.000;	           0
20250721;	175710;	1753100830.000;	           0
20250721;	175712;	1753100832.000;	           0
20250721;	175714;	1753100834.000;	           0
20250721;	175716;	1753100836.000;	           0
20250721;	175718;	1753100838.000;	           0
20250721;	175720;	1753100840.000;	           0
20250721;	175722;	1753100842.000;	           0
20250721;	175724;	1753100844.000;	           0
20250721;	175726;	1753100846.000;	           0
20250721;	175728;	1753100848.000;	           0
20250721;	175730;	1753100850.000;	           0
20250721;	175732;	1753100852.000;	           0
20250721;	175734;	1753100854.000;	           0
20250721;	175736;	1753100856.000;	           0
20250721;	175738;	1753100858.000;	           0
20250721;	175740;	1753100860.000;	           0
20250721;	175742;	1753100862.000;	           0
20250721;	175744;	1753100864.000;	           0
20250721;	175746;	1753100866.000;	           0
20250721;	175748;	1753100868.000;	           0
20250721;	175750;	1753100870.000;	           0
20250721;	175752;	1753100872.000;	           0
20250721;	175754;	1753100874.000;	           0
20250721;	175756;	1753100876.000;	           0
20250721;	175758;	1753100878.000;	           0
20250721;	175800;	1753100880.000;	           0
20250721;	175802;	1753100882.000;	           0
20250721;	175804;	1753100884.000;	           0
20250721;	175806;	1753100886.000;	           0
20250721;	175808;	1753100888.000;	           0
20250721;	175810;	1753100890.000;	           0
20250721;	175812;	1753100892.000;	           0
20250721;	175814;	1753100894.000;	           0
20250721;	175816;	1753100896.000;	           0
20250721;	175818;	1753100898.000;	           0
20250721;	175820;	1753100900.000;	           0
20250721;	175822;	1753100902.000;	           0
20250721;	175824;	1753100904.000;	           0
20250721;	175826;	1753100906.000;	           0
20250721;	175828;	1753100908.000;	           0
20250721;	175830;	1753100910.000;	           0
20250721;	175832;	1753100912.000;	           0
20250721;	175834;	1753100914.000;	           0
20250721;	175836;	1753100916.000;	           0
20250721;	175838;	1753100918.000;	           0
20250721;	175840;	1753100920.000;	           0
20250721;	175842;	1753100922.000;	           0
20250721;	175844;	1753100924.000;	           0
20250721;	175846;	1753100926.000;	           0
20250721;	175848;	1753100928.000;	           0
20250721;	175850;	1753100930.000;	           0
20250721;	175852;	1753100932.000;	           0
20250721;	175854;	1753100934.000;	           0
20250721;	175856;	1753100936.000;	           0
20250721;	175858;	1753100938.000;	           0
20250721;	175900;	1753100940.000;	           0
20250721;	175902;	1753100942.000;	           0
20250721;	175904;	1753100944.000;	           0
20250721;	175906;	1753100946.000;	           0
20250721;	175908;	1753100948.000;	           0
20250721;	175910;	1753100950.000;	           0
20250721;	175912;	1753100952.000;	           0
20250721;	175914;	1753100954.000;	           0
20250721;	175916;	1753100956.000;	           0
20250721;	175918;	1753100958.000;	           0
20250721;	175920;	1753100960.000;	           0
20250721;	175922;	1753100962.000;	           0
20250721;	175924;	1753100964.000;	           0
20250721;	175926;	1753100966.000;	           0
20250721;	175928;	1753100968.000;	           0
20250721;	175930;	1753100970.000;	           0
20250721;	175932;	1753100972.000;	           0
20250721;	175934;	1753100974.000;	           0
20250721;	175936;	1753100976.000;	           0
20250721;	175938;	1753100978.000;	           0
20250721;	175940;	1753100980.000;	           0
20250721;	175942;	1753100982.000;	           0
20250721;	175944;	1753100984.000;	           0
20250721;	175946;	1753100986.000;	           0
20250721;	175948;	1753100988.000;	           0
20250721;	175950;	1753100990.000;	           0
20250721;	175952;	1753100992.000;	           0
20250721;	175954;	1753100994.000;	           0
20250721;	175956;	1753100996.000;	           0
20250721;	175958;	1753100998.000;	           0
20250721;	180000;	1753101000.000;	           0
20250721;	180002;	1753101002.000;	           0
20250721;	180004;	1753101004.000;	           0
20250721;	180006;	1753101006.000;	           0
20250721;	180008;	1753101008.000;	           0
20250721;	180010;	1753101010.000;	           0
20250721;	180012;	1753101012.000;	           0
20250721;	180014;	1753101014.000;	           0
20250721;	180016;	1753101016.000;	           0
20250721;	180018;	1753101018.000;	           0
20250721;	180020;	1753101020.000;	           0
20250721;	180022;	1753101022.000;	           0
20250721;	180024;	1753101024.000;	           0
20250721;	180026;	1753101026.000;	           0
20250721;	180028;	1753101028.000;	           0
20250721;	180030;	1753101030.000;	           0
20250721;	180032;	1753101032.000;	           0
20250721;	180034;	1753101034.000;	           0
20250721;	180036;	1753101036.000;	           0
20250721;	180038;	1753101038.000;	           0
20250721;	180040;	1753101040.000;	           0
20250721;	180042;	1753101042.000;	           0
20250721;	180044;	1753101044.000;	           0
20250721;	180046;	1753101046.000;	           0
20250721;	180048;	1753101048.000;	           0
20250721;	180050;	1753101050.000;	           0
20250721;	180052;	1753101052.000;	           0
20250721;	180054;	1753101054.000;	           0
20250721;	180056;	1753101056.000;	           0
20250721;	180058;	1753101058.000;	           0
20250721;	180100;	1753101060.000;	           0
20250721;	180102;	1753101062.000;	           0
20250721;	180104;	1753101064.000;	           0
20250721;	180106;	1753101066.000;	           0
20250721;	180108;	1753101068.000;	           0
20250721;	180110;	1753101070.000;	           0
20250721;	180112;	1753101072.000;	           0
20250721;	180114;	1753101074.000;	           0
20250721;	180116;	1753101076.000;	           0
20250721;	180118;	1753101078.000;	           0
20250721;	180120;	1753101080.000;	           0
20250721;	180122;	1753101082.000;	           0
20250721;	180124;	1753101084.000;	           0
20250721;	180126;	1753101086.000;	           0
20250721;	180128;	1753101088.000;	           0
20250721;	180130;	1753101090.000;	           0
20250721;	180132;	1753101092.000;	           0
20250721;	180134;	1753101094.000;	           0
20250721;	180136;	1753101096.000;	           0
20250721;	180138;	1753101098.000;	           0
20250721;	180140;	1753101100.000;	           0
20250721;	180142;	1753101102.000;	           0
20250721;	180144;	1753101104.000;	           0
20250721;	180146;	1753101106.000;	           0
20250721;	180148;	1753101108.000;	           0
20250721;	180150;	1753101110.000;	           0
20250721;	180152;	1753101112.000;	           0
20250721;	180154;	1753101114.000;	           0
20250721;	180156;	1753101116.000;	           0
20250721;	180158;	1753101118.000;	           0
20250721;	180200;	1753101120.000;	           0
20250721;	180202;	1753101122.000;	           0
20250721;	180204;	1753101124.000;	           0
20250721;	180206;	1753101126.000;	           0
20250721;	180208;	1753101128.000;	           0
20250721;	180210;	1753101130.000;	           0
20250721;	180212;	1753101132.000;	           0
20250721;	180214;	1753101134.000;	           0
20250721;	180216;	1753101136.000;	           0
20250721;	180218;	1753101138.000;	           0
20250721;	180220;	1753101140.000;	           0
20250721;	180222;	1753101142.000;	           0
20250721;	180224;	1753101144.000;	           0
20250721;	180226;	1753101146.000;	           0
20250721;	180228;	1753101148.000;	           0
20250721;	180230;	1753101150.000;	           0
20250721;	180232;	1753101152.000;	           0
20250721;	180234;	1753101154.000;	           0
20250721;	180236;	1753101156.000;	           0
20250721;	180238;	1753101158.000;	           0
20250721;	180240;	1753101160.000;	           0
20250721;	180242;	1753101162.000;	           0
20250721;	180244;	1753101164.000;	           0
20250721;	180246;	1753101166.000;	           0
20250721;	180248;	1753101168.000;	           0
20250721;	180250;	1753101170.000;	           0
20250721;	180252;	1753101172.000;	           0
20250721;	180254;	1753101174.000;	           0
20250721;	180256;	1753101176.000;	           0
20250721;	180258;	1753101178.000;	           0
20250721;	180300;	1753101180.000;	           0
20250721;	180302;	1753101182.000;	           0
20250721;	180304;	1753101184.000;	           0
20250721;	180306;	1753101186.000;	           0
20250721;	180308;	1753101188.000;	           0
20250721;	180310;	1753101190.000;	           0
20250721;	180312;	1753101192.000;	           0
20250721;	180314;	1753101194.000;	           0
20250721;	180316;	1753101196.000;	           0
20250721;	180318;	1753101198.000;	           0
20250721;	180320;	1753101200.000;	           0
20250721;	180322;	1753101202.000;	           0
20250721;	180324;	1753101204.000;	           0
20250721;	180326;	1753101206.000;	           0
20250721;	180328;	1753101208.000;	           0
20250721;	180330;	1753101210.000;	           0
20250721;	180332;	1753101212.000;	           0
20250721;	180334;	1753101214.000;	           0
20250721;	180336;	1753101216.000;	           0
20250721;	180338;	1753101218.000;	           0
20250721;	180340;	1753101220.000;	           0
20250721;	180342;	1753101222.000;	           0
20250721;	180344;	1753101224.000;	           0
20250721;	180346;	1753101226.000;	           0
20250721;	180348;	1753101228.000;	           0
20250721;	180350;	1753101230.000;	           0
20250721;	180352;	1753101232.000;	           0
20250721;	180354;	1753101234.000;	           0
20250721;	180356;	1753101236.000;	           0
20250721;	180358;	1753101238.000;	           0
20250721;	180400;	1753101240.000;	           0
20250721;	180402;	1753101242.000;	           0
20250721;	180404;	1753101244.000;	           0
20250721;	180406;	1753101246.000;	           0
20250721;	180408;	1753101248.000;	           0
20250721;	180410;	1753101250.000;	           0
20250721;	180412;	1753101252.000;	           0
20250721;	180414;	1753101254.000;	           0
20250721;	180416;	1753101256.000;	           0
20250721;	180418;	1753101258.000;	           0
20250721;	180420;	1753101260.000;	           0
20250721;	180422;	1753101262.000;	           0
20250721;	180424;	1753101264.000;	           0
20250721;	180426;	1753101266.000;	           0
20250721;	180428;	1753101268.000;	           0
20250721;	180430;	1753101270.000;	           0
20250721;	180432;	1753101272.000;	           0
20250721;	180434;	1753101274.000;	           0
20250721;	180436;	1753101276.000;	           0
20250721;	180438;	1753101278.000;	           0
20250721;	180440;	1753101280.000;	           0
20250721;	180442;	1753101282.000;	           0
20250721;	180444;	1753101284.000;	           0
20250721;	180446;	1753101286.000;	           0
20250721;	180448;	1753101288.000;	           0
20250721;	180450;	1753101290.000;	           0
20250721;	180452;	1753101292.000;	           0
20250721;	180454;	1753101294.000;	           0
20250721;	180456;	1753101296.000;	           0
20250721;	180458;	1753101298.000;	           0
20250721;	180500;	1753101300.000;	           0
20250721;	180502;	1753101302.000;	           0
20250721;	180504;	1753101304.000;	           0
20250721;	180506;	1753101306.000;	           0
20250721;	180508;	1753101308.000;	           0
20250721;	180510;	1753101310.000;	           0
20250721;	180512;	1753101312.000;	           0
20250721;	180514;	1753101314.000;	           0
20250721;	180516;	1753101316.000;	           0
20250721;	180518;	1753101318.000;	           0
20250721;	180520;	1753101320.000;	           0
20250721;	180522;	1753101322.000;	           0
20250721;	180524;	1753101324.000;	           0
20250721;	180526;	1753101326.000;	           0
20250721;	180528;	1753101328.000;	           0
20250721;	180530;	1753101330.000;	           0
20250721;	180532;	1753101332.000;	           0
20250721;	180534;	1753101334.000;	           0
20250721;	180536;	1753101336.000;	           0
20250721;	180538;	1753101338.000;	           0
20250721;	180540;	1753101340.000;	           0
20250721;	180542;	1753101342.000;	           0
20250721;	180544;	1753101344.000;	           0
20250721;	180546;	1753101346.000;	           0
20250721;	180548;	1753101348.000;	           0
20250721;	180550;	1753101350.000;	           0
20250721;	180552;	1753101352.000;	           0
20250721;	180554;	1753101354.000;	           0
20250721;	180556;	1753101356.000;	           0
20250721;	180558;	1753101358.000;	           0
20250721;	180600;	1753101360.000;	           0
20250721;	180602;	1753101362.000;	           0
20250721;	180604;	1753101364.000;	           0
20250721;	180606;	1753101366.000;	           0
20250721;	180608;	1753101368.000;	           0
20250721;	180610;	1753101370.000;	           0
20250721;	180612;	1753101372.000;	           0
20250721;	180614;	1753101374.000;	           0
20250721;	180616;	1753101376.000;	           0
20250721;	180618;	1753101378.000;	           0
20250721;	180620;	1753101380.000;	           0
20250721;	180622;	1753101382.000;	           0
20250721;	180624;	1753101384.000;	           0
20250721;	180626;	1753101386.000;	           0
20250721;	180628;	1753101388.000;	           0
20250721;	180630;	1753101390.000;	           0
20250721;	180632;	1753101392.000;	           0
20250721;	180634;	1753101394.000;	           0
20250721;	180636;	1753101396.000;	           0
20250721;	180638;	1753101398.000;	           0
20250721;	180640;	1753101400.000;	           0
20250721;	180642;	1753101402.000;	           0
20250721;	180644;	1753101404.000;	           0
20250721;	180646;	1753101406.000;	           0
20250721;	180648;	1753101408.000;	           0
20250721;	180650;	1753101410.000;	           0
20250721;	180652;	1753101412.000;	           0
20250721;	180654;	1753101414.000;	           0
20250721;	180656;	1753101416.000;	           0
20250721;	180658;	1753101418.000;	           0
20250721;	180700;	1753101420.000;	           0
20250721;	180702;	1753101422.000;	           0
20250721;	180704;	1753101424.000;	           0
20250721;	180706;	1753101426.000;	           0
20250721;	180708;	1753101428.000;	           0
20250721;	180710;	1753101430.000;	           0
20250721;	180712;	1753101432.000;	           0
20250721;	180714;	1753101434.000;	           0
20250721;	180716;	1753101436.000;	           0
20250721;	180718;	1753101438.000;	           0
20250721;	180720;	1753101440.000;	           0
20250721;	180722;	1753101442.000;	           0
20250721;	180724;	1753101444.000;	           0
20250721;	180726;	1753101446.000;	           0
20250721;	180728;	1753101448.000;	           0
20250721;	180730;	1753101450.000;	           0
20250721;	180732;	1753101452.000;	           0
20250721;	180734;	1753101454.000;	           0
20250721;	180736;	1753101456.000;	           0
20250721;	180738;	1753101458.000;	           0
20250721;	180740;	1753101460.000;	           0
20250721;	180742;	1753101462.000;	           0
20250721;	180744;	1753101464.000;	           0
20250721;	180746;	1753101466.000;	           0
20250721;	180748;	1753101468.000;	           0
20250721;	180750;	1753101470.000;	           0
20250721;	180752;	1753101472.000;	           0
20250721;	180754;	1753101474.000;	           0
20250721;	180756;	1753101476.000;	           0
20250721;	180758;	1753101478.000;	           0
20250721;	180800;	1753101480.000;	           0
20250721;	180802;	1753101482.000;	           0
20250721;	180804;	1753101484.000;	           0
20250721;	180806;	1753101486.000;	           0
20250721;	180808;	1753101488.000;	           0
20250721;	180810;	1753101490.000;	           0
20250721;	180812;	1753101492.000;	           0
20250721;	180814;	1753101494.000;	           0
20250721;	180816;	1753101496.000;	           0
20250721;	180818;	1753101498.000;	           0
20250721;	180820;	1753101500.000;	           0
20250721;	180822;	1753101502.000;	           0
20250721;	180824;	1753101504.000;	           0
20250721;	180826;	1753101506.000;	           0
20250721;	180828;	1753101508.000;	           0
20250721;	180830;	1753101510.000;	           0
20250721;	180832;	1753101512.000;	           0
20250721;	180834;	1753101514.000;	           0
20250721;	180836;	1753101516.000;	           0
20250721;	180838;	1753101518.000;	           0
20250721;	180840;	1753101520.000;	           0
20250721;	180842;	1753101522.000;	           0
20250721;	180844;	1753101524.000;	           0
20250721;	180846;	1753101526.000;	           0
20250721;	180848;	1753101528.000;	           0
20250721;	180850;	1753101530.000;	           0
20250721;	180852;	1753101532.000;	           0
20250721;	180854;	1753101534.000;	           0
20250721;	180856;	1753101536.000;	           0
20250721;	180858;	1753101538.000;	           0
20250721;	180900;	1753101540.000;	           0
20250721;	180902;	1753101542.000;	           0
20250721;	180904;	1753101544.000;	           0
20250721;	180906;	1753101546.000;	           0
20250721;	180908;	1753101548.000;	           0
20250721;	180910;	1753101550.000;	           0
20250721;	180912;	1753101552.000;	           0
20250721;	180914;	1753101554.000;	           0
20250721;	180916;	1753101556.000;	           0
20250721;	180918;	1753101558.000;	           0
20250721;	180920;	1753101560.000;	           0
20250721;	180922;	1753101562.000;	           0
20250721;	180924;	1753101564.000;	           0
20250721;	180926;	1753101566.000;	           0
20250721;	180928;	1753101568.000;	           0
20250721;	180930;	1753101570.000;	           0
20250721;	180932;	1753101572.000;	           0
20250721;	180934;	1753101574.000;	           0
20250721;	180936;	1753101576.000;	           0
20250721;	180938;	1753101578.000;	           0
20250721;	180940;	1753101580.000;	           0
20250721;	180942;	1753101582.000;	           0
20250721;	180944;	1753101584.000;	           0
20250721;	180946;	1753101586.000;	           0
20250721;	180948;	1753101588.000;	           0
20250721;	180950;	1753101590.000;	           0
20250721;	180952;	1753101592.000;	           0
20250721;	180954;	1753101594.000;	           0
20250721;	180956;	1753101596.000;	           0
20250721;	180958;	1753101598.000;	           0
20250721;	181000;	1753101600.000;	           0
20250721;	181002;	1753101602.000;	           0
20250721;	181004;	1753101604.000;	           0
20250721;	181006;	1753101606.000;	           0
20250721;	181008;	1753101608.000;	           0
20250721;	181010;	1753101610.000;	           0
20250721;	181012;	1753101612.000;	           0
20250721;	181014;	1753101614.000;	           0
20250721;	181016;	1753101616.000;	           0
20250721;	181018;	1753101618.000;	           0
20250721;	181020;	1753101620.000;	           0
20250721;	181022;	1753101622.000;	           0
20250721;	181024;	1753101624.000;	           0
20250721;	181026;	1753101626.000;	           0
20250721;	181028;	1753101628.000;	           0
20250721;	181030;	1753101630.000;	           0
20250721;	181032;	1753101632.000;	           0
20250721;	181034;	1753101634.000;	           0
20250721;	181036;	1753101636.000;	           0
20250721;	181038;	1753101638.000;	           0
20250721;	181040;	1753101640.000;	           0
20250721;	181042;	1753101642.000;	           0
20250721;	181044;	1753101644.000;	           0
20250721;	181046;	1753101646.000;	           0
20250721;	181048;	1753101648.000;	           0
20250721;	181050;	1753101650.000;	           0
20250721;	181052;	1753101652.000;	           0
20250721;	181054;	1753101654.000;	           0
20250721;	181056;	1753101656.000;	           0
20250721;	181058;	1753101658.000;	           0
20250721;	181100;	1753101660.000;	           0
20250721;	181102;	1753101662.000;	           0
20250721;	181104;	1753101664.000;	           0
20250721;	181106;	1753101666.000;	           0
20250721;	181108;	1753101668.000;	           0
20250721;	181110;	1753101670.000;	           0
20250721;	181112;	1753101672.000;	           0
20250721;	181114;	1753101674.000;	           0
20250721;	181116;	1753101676.000;	           0
20250721;	181118;	1753101678.000;	           0
20250721;	181120;	1753101680.000;	           0
20250721;	181122;	1753101682.000;	           0
20250721;	181124;	1753101684.000;	           0
20250721;	181126;	1753101686.000;	           0
20250721;	181128;	1753101688.000;	           0
20250721;	181130;	1753101690.000;	           0
20250721;	181132;	1753101692.000;	           0
20250721;	181134;	1753101694.000;	           0
20250721;	181136;	1753101696.000;	           0
20250721;	181138;	1753101698.000;	           0
20250721;	181140;	1753101700.000;	           0
20250721;	181142;	1753101702.000;	           0
20250721;	181144;	1753101704.000;	           0
20250721;	181146;	1753101706.000;	           0
20250721;	181148;	1753101708.000;	           0
20250721;	181150;	1753101710.000;	           0
20250721;	181152;	1753101712.000;	           0
20250721;	181154;	1753101714.000;	           0
20250721;	181156;	1753101716.000;	           0
20250721;	181158;	1753101718.000;	           0
20250721;	181200;	1753101720.000;	           0
20250721;	181202;	1753101722.000;	           0
20250721;	181204;	1753101724.000;	           0
20250721;	181206;	1753101726.000;	           0
20250721;	181208;	1753101728.000;	           0
20250721;	181210;	1753101730.000;	           0
20250721;	181212;	1753101732.000;	           0
20250721;	181214;	1753101734.000;	           0
20250721;	181216;	1753101736.000;	           0
20250721;	181218;	1753101738.000;	           0
20250721;	181220;	1753101740.000;	           0
20250721;	181222;	1753101742.000;	           0
20250721;	181224;	1753101744.000;	           0
20250721;	181226;	1753101746.000;	           0
20250721;	181228;	1753101748.000;	           0
20250721;	181230;	1753101750.000;	           0
20250721;	181232;	1753101752.000;	           0
20250721;	181234;	1753101754.000;	           0
20250721;	181236;	1753101756.000;	           0
20250721;	181238;	1753101758.000;	           0
20250721;	181240;	1753101760.000;	           0
20250721;	181242;	1753101762.000;	           0
20250721;	181244;	1753101764.000;	           0
20250721;	181246;	1753101766.000;	           0
20250721;	181248;	1753101768.000;	           0
20250721;	181250;	1753101770.000;	           0
20250721;	181252;	1753101772.000;	           0
20250721;	181254;	1753101774.000;	           0
20250721;	181256;	1753101776.000;	           0
20250721;	181258;	1753101778.000;	           0
20250721;	181300;	1753101780.000;	           0
20250721;	181302;	1753101782.000;	           0
20250721;	181304;	1753101784.000;	           0
20250721;	181306;	1753101786.000;	           0
20250721;	181308;	1753101788.000;	           0
20250721;	181310;	1753101790.000;	           0
20250721;	181312;	1753101792.000;	           0
20250721;	181314;	1753101794.000;	           0
20250721;	181316;	1753101796.000;	           0
20250721;	181318;	1753101798.000;	           0
20250721;	181320;	1753101800.000;	           0
20250721;	181322;	1753101802.000;	           0
20250721;	181324;	1753101804.000;	           0
20250721;	181326;	1753101806.000;	           0
20250721;	181328;	1753101808.000;	           0
20250721;	181330;	1753101810.000;	           0
20250721;	181332;	1753101812.000;	           0
20250721;	181334;	1753101814.000;	           0
20250721;	181336;	1753101816.000;	           0
20250721;	181338;	1753101818.000;	           0
20250721;	181340;	1753101820.000;	           0
20250721;	181342;	1753101822.000;	           0
20250721;	181344;	1753101824.000;	           0
20250721;	181346;	1753101826.000;	           0
20250721;	181348;	1753101828.000;	           0
20250721;	181350;	1753101830.000;	           0
20250721;	181352;	1753101832.000;	           0
20250721;	181354;	1753101834.000;	           0
20250721;	181356;	1753101836.000;	           0
20250721;	181358;	1753101838.000;	           0
20250721;	181400;	1753101840.000;	           0
20250721;	181402;	1753101842.000;	           0
20250721;	181404;	1753101844.000;	           0
20250721;	181406;	1753101846.000;	           0
20250721;	181408;	1753101848.000;	           0
20250721;	181410;	1753101850.000;	           0
20250721;	181412;	1753101852.000;	           0
20250721;	181414;	1753101854.000;	           0
20250721;	181416;	1753101856.000;	           0
