#ies_format_version: 1.0
#file: 20250723_2000.dat
#file_info: generated by AsciiLoger of OpenMUC
#timezone: + 5
#timestep_sec: 2.0
#col_no;	col_name;	confidential;	measured;	unit;	category;	comment
#001;	YYYYMMDD;	FALSE;	FALSE;	0;	time;	INTEGER,8. Date [human readable]
#002;	hhmmss;	FALSE;	FALSE;	0;	time;	SHORT,6. Time [human readable]
#003;	unixtimestamp;	FALSE;	FALSE;	s;	time;	DOUBLE,14. lapsed seconds from 01-01-1970
#004;	devTest_A_18;	FALSE;	TRUE;	0;	other;	INTEGER,12. -
YYYYMMDD;	hhmmss;	unixtimestamp;	devTest_A_18
20250723;	125216;	1753255336.000;	        err7
20250723;	125218;	1753255338.000;	           0
20250723;	125220;	1753255340.000;	           0
20250723;	125222;	1753255342.000;	           0
20250723;	125224;	1753255344.000;	           0
20250723;	125226;	1753255346.000;	           0
20250723;	125228;	1753255348.000;	           0
20250723;	125230;	1753255350.000;	           0
20250723;	125232;	1753255352.000;	           0
20250723;	125234;	1753255354.000;	           0
20250723;	125236;	1753255356.000;	           0
20250723;	125238;	1753255358.000;	           0
20250723;	125240;	1753255360.000;	           0
20250723;	125242;	1753255362.000;	           0
20250723;	125244;	1753255364.000;	           0
20250723;	125246;	1753255366.000;	           0
20250723;	125248;	1753255368.000;	           0
20250723;	125250;	1753255370.000;	           0
20250723;	125252;	1753255372.000;	           0
20250723;	125254;	1753255374.000;	           0
20250723;	125256;	1753255376.000;	           0
20250723;	125258;	1753255378.000;	           0
20250723;	125300;	1753255380.000;	           0
20250723;	125302;	1753255382.000;	           0
20250723;	125304;	1753255384.000;	           0
20250723;	125306;	1753255386.000;	           0
20250723;	125308;	1753255388.000;	           0
20250723;	125310;	1753255390.000;	           0
20250723;	125312;	1753255392.000;	           0
20250723;	125314;	1753255394.000;	           0
20250723;	125316;	1753255396.000;	           0
20250723;	125318;	1753255398.000;	           0
20250723;	125320;	1753255400.000;	           0
20250723;	125322;	1753255402.000;	           0
20250723;	125324;	1753255404.000;	           0
20250723;	125326;	1753255406.000;	           0
20250723;	125328;	1753255408.000;	           0
20250723;	125330;	1753255410.000;	           0
20250723;	125332;	1753255412.000;	           0
20250723;	125334;	1753255414.000;	           0
20250723;	125336;	1753255416.000;	           0
20250723;	125338;	1753255418.000;	           0
20250723;	125340;	1753255420.000;	           0
20250723;	125342;	1753255422.000;	           0
20250723;	125344;	1753255424.000;	           0
20250723;	125346;	1753255426.000;	           0
20250723;	125348;	1753255428.000;	           0
20250723;	125350;	1753255430.000;	           0
20250723;	125352;	1753255432.000;	           0
20250723;	125354;	1753255434.000;	           0
20250723;	125356;	1753255436.000;	           0
20250723;	125358;	1753255438.000;	           0
20250723;	125400;	1753255440.000;	           0
20250723;	125402;	1753255442.000;	           0
20250723;	125404;	1753255444.000;	           0
20250723;	125406;	1753255446.000;	           0
20250723;	125408;	1753255448.000;	           0
20250723;	125410;	1753255450.000;	           0
20250723;	125412;	1753255452.000;	           0
20250723;	125414;	1753255454.000;	           0
20250723;	125416;	1753255456.000;	           0
20250723;	125418;	1753255458.000;	           0
20250723;	125420;	1753255460.000;	           0
20250723;	125422;	1753255462.000;	           0
20250723;	125424;	1753255464.000;	           0
20250723;	125426;	1753255466.000;	           0
20250723;	125428;	1753255468.000;	           0
20250723;	125430;	1753255470.000;	           0
20250723;	125432;	1753255472.000;	           0
20250723;	125434;	1753255474.000;	           0
20250723;	125436;	1753255476.000;	           0
20250723;	125438;	1753255478.000;	           0
20250723;	125440;	1753255480.000;	           0
20250723;	125442;	1753255482.000;	           0
20250723;	125444;	1753255484.000;	           0
20250723;	125446;	1753255486.000;	           0
20250723;	125448;	1753255488.000;	           0
20250723;	125450;	1753255490.000;	           0
20250723;	125452;	1753255492.000;	           0
20250723;	125454;	1753255494.000;	           0
20250723;	125456;	1753255496.000;	           0
20250723;	125458;	1753255498.000;	           0
20250723;	125500;	1753255500.000;	           0
20250723;	125502;	1753255502.000;	           0
20250723;	125504;	1753255504.000;	           0
20250723;	125506;	1753255506.000;	           0
20250723;	125508;	1753255508.000;	           0
20250723;	125510;	1753255510.000;	           0
20250723;	125512;	1753255512.000;	           0
20250723;	125514;	1753255514.000;	           0
20250723;	125516;	1753255516.000;	           0
20250723;	125518;	1753255518.000;	           0
20250723;	125520;	1753255520.000;	           0
20250723;	125522;	1753255522.000;	           0
20250723;	125524;	1753255524.000;	           0
20250723;	125526;	1753255526.000;	           0
20250723;	125528;	1753255528.000;	           0
20250723;	125530;	1753255530.000;	           0
20250723;	125532;	1753255532.000;	           0
20250723;	125534;	1753255534.000;	           0
20250723;	125536;	1753255536.000;	           0
20250723;	125538;	1753255538.000;	           0
20250723;	125540;	1753255540.000;	           0
20250723;	125542;	1753255542.000;	           0
20250723;	125544;	1753255544.000;	           0
20250723;	125546;	1753255546.000;	           0
20250723;	125548;	1753255548.000;	           0
20250723;	125550;	1753255550.000;	           0
20250723;	125552;	1753255552.000;	           0
20250723;	125554;	1753255554.000;	           0
20250723;	125556;	1753255556.000;	           0
20250723;	125558;	1753255558.000;	           0
20250723;	125600;	1753255560.000;	           0
20250723;	125602;	1753255562.000;	           0
20250723;	125604;	1753255564.000;	           0
20250723;	125606;	1753255566.000;	           0
20250723;	125608;	1753255568.000;	           0
20250723;	125610;	1753255570.000;	           0
20250723;	125612;	1753255572.000;	           0
20250723;	125614;	1753255574.000;	           0
20250723;	125616;	1753255576.000;	           0
20250723;	125618;	1753255578.000;	           0
20250723;	125620;	1753255580.000;	           0
20250723;	125622;	1753255582.000;	           0
20250723;	125624;	1753255584.000;	           0
20250723;	125626;	1753255586.000;	           0
20250723;	125628;	1753255588.000;	           0
20250723;	125630;	1753255590.000;	           0
20250723;	125632;	1753255592.000;	           0
20250723;	125634;	1753255594.000;	           0
20250723;	125636;	1753255596.000;	           0
20250723;	125638;	1753255598.000;	           0
20250723;	125640;	1753255600.000;	           0
20250723;	125642;	1753255602.000;	           0
20250723;	125644;	1753255604.000;	           0
20250723;	125646;	1753255606.000;	           0
20250723;	125648;	1753255608.000;	           0
20250723;	125650;	1753255610.000;	           0
20250723;	125652;	1753255612.000;	           0
20250723;	125654;	1753255614.000;	           0
20250723;	125656;	1753255616.000;	           0
20250723;	125658;	1753255618.000;	           0
20250723;	125700;	1753255620.000;	           0
20250723;	125702;	1753255622.000;	           0
20250723;	125704;	1753255624.000;	           0
20250723;	125706;	1753255626.000;	           0
20250723;	125708;	1753255628.000;	           0
20250723;	125710;	1753255630.000;	           0
20250723;	125712;	1753255632.000;	        err7
20250723;	125714;	1753255634.000;	        err7
20250723;	125716;	1753255636.000;	        err9
20250723;	125718;	1753255638.000;	        err9
20250723;	125720;	1753255640.000;	        err9
20250723;	125722;	1753255642.000;	        err9
20250723;	125724;	1753255644.000;	        err9
20250723;	125726;	1753255646.000;	        err9
20250723;	125728;	1753255648.000;	        err9
20250723;	125730;	1753255650.000;	        err9
20250723;	125732;	1753255652.000;	        err9
20250723;	125734;	1753255654.000;	        err9
20250723;	125736;	1753255656.000;	        err9
20250723;	125738;	1753255658.000;	        err9
20250723;	125740;	1753255660.000;	        err9
20250723;	125742;	1753255662.000;	        err9
20250723;	125744;	1753255664.000;	        err9
20250723;	125746;	1753255666.000;	        err9
20250723;	125748;	1753255668.000;	        err9
20250723;	125750;	1753255670.000;	        err9
20250723;	125752;	1753255672.000;	        err9
20250723;	125754;	1753255674.000;	        err9
20250723;	125756;	1753255676.000;	        err9
20250723;	125758;	1753255678.000;	        err9
20250723;	125800;	1753255680.000;	        err9
20250723;	125802;	1753255682.000;	        err9
20250723;	125804;	1753255684.000;	        err9
20250723;	125806;	1753255686.000;	        err9
20250723;	125808;	1753255688.000;	        err9
20250723;	125810;	1753255690.000;	        err9
20250723;	125812;	1753255692.000;	        err9
20250723;	125814;	1753255694.000;	        err9
20250723;	125816;	1753255696.000;	        err9
20250723;	125818;	1753255698.000;	        err9
20250723;	125820;	1753255700.000;	        err9
20250723;	125822;	1753255702.000;	        err9
20250723;	125824;	1753255704.000;	        err9
20250723;	125826;	1753255706.000;	        err9
20250723;	125828;	1753255708.000;	        err9
20250723;	125830;	1753255710.000;	        err9
20250723;	125832;	1753255712.000;	        err9
20250723;	125834;	1753255714.000;	        err9
20250723;	125836;	1753255716.000;	        err9
20250723;	125838;	1753255718.000;	        err9
20250723;	125840;	1753255720.000;	        err9
20250723;	125842;	1753255722.000;	        err9
20250723;	125844;	1753255724.000;	        err9
20250723;	125846;	1753255726.000;	        err9
20250723;	125848;	1753255728.000;	        err9
20250723;	125850;	1753255730.000;	        err9
20250723;	125852;	1753255732.000;	        err9
20250723;	125854;	1753255734.000;	        err9
20250723;	125856;	1753255736.000;	        err9
20250723;	125858;	1753255738.000;	        err9
20250723;	125900;	1753255740.000;	        err9
20250723;	125902;	1753255742.000;	        err9
20250723;	125904;	1753255744.000;	        err9
20250723;	125906;	1753255746.000;	        err9
20250723;	125908;	1753255748.000;	        err9
20250723;	125910;	1753255750.000;	        err9
20250723;	125912;	1753255752.000;	        err9
20250723;	125914;	1753255754.000;	        err9
20250723;	125916;	1753255756.000;	        err9
20250723;	125918;	1753255758.000;	        err9
20250723;	125920;	1753255760.000;	        err9
20250723;	125922;	1753255762.000;	        err9
20250723;	125924;	1753255764.000;	        err9
20250723;	125926;	1753255766.000;	        err9
20250723;	125928;	1753255768.000;	        err9
20250723;	125930;	1753255770.000;	        err9
20250723;	125932;	1753255772.000;	        err9
20250723;	125934;	1753255774.000;	        err9
20250723;	125936;	1753255776.000;	        err9
20250723;	125938;	1753255778.000;	        err9
20250723;	125940;	1753255780.000;	        err9
20250723;	125942;	1753255782.000;	        err9
20250723;	125944;	1753255784.000;	        err9
20250723;	125946;	1753255786.000;	        err9
20250723;	125948;	1753255788.000;	        err9
20250723;	125950;	1753255790.000;	        err9
20250723;	125952;	1753255792.000;	        err9
20250723;	125954;	1753255794.000;	        err9
20250723;	125956;	1753255796.000;	        err9
20250723;	125958;	1753255798.000;	        err9
20250723;	130000;	1753255800.000;	        err9
20250723;	130002;	1753255802.000;	        err9
20250723;	130004;	1753255804.000;	        err9
20250723;	130006;	1753255806.000;	        err9
20250723;	130008;	1753255808.000;	        err9
20250723;	130010;	1753255810.000;	        err9
20250723;	130012;	1753255812.000;	        err9
20250723;	130014;	1753255814.000;	        err9
20250723;	130016;	1753255816.000;	        err9
20250723;	130018;	1753255818.000;	        err9
20250723;	130020;	1753255820.000;	        err9
20250723;	130022;	1753255822.000;	        err9
20250723;	130024;	1753255824.000;	        err9
20250723;	130026;	1753255826.000;	        err9
20250723;	130028;	1753255828.000;	        err9
20250723;	130030;	1753255830.000;	        err9
20250723;	130032;	1753255832.000;	        err9
20250723;	130034;	1753255834.000;	        err9
20250723;	130036;	1753255836.000;	        err9
20250723;	130038;	1753255838.000;	        err9
20250723;	130040;	1753255840.000;	        err9
20250723;	130042;	1753255842.000;	        err9
20250723;	130044;	1753255844.000;	        err9
20250723;	130046;	1753255846.000;	        err9
20250723;	130048;	1753255848.000;	        err9
20250723;	130050;	1753255850.000;	        err9
20250723;	130052;	1753255852.000;	        err9
20250723;	130054;	1753255854.000;	        err9
20250723;	130056;	1753255856.000;	        err9
20250723;	130058;	1753255858.000;	        err9
20250723;	130100;	1753255860.000;	        err9
20250723;	130102;	1753255862.000;	        err9
20250723;	130104;	1753255864.000;	        err9
20250723;	130106;	1753255866.000;	        err9
20250723;	130108;	1753255868.000;	        err9
20250723;	130110;	1753255870.000;	        err9
20250723;	130112;	1753255872.000;	        err9
20250723;	130114;	1753255874.000;	        err9
20250723;	130116;	1753255876.000;	        err9
20250723;	130118;	1753255878.000;	        err9
20250723;	130120;	1753255880.000;	        err9
20250723;	130122;	1753255882.000;	        err9
20250723;	130124;	1753255884.000;	        err9
20250723;	130126;	1753255886.000;	        err9
20250723;	130128;	1753255888.000;	        err9
20250723;	130130;	1753255890.000;	        err9
20250723;	130132;	1753255892.000;	        err9
20250723;	130134;	1753255894.000;	        err9
20250723;	130136;	1753255896.000;	        err9
20250723;	130138;	1753255898.000;	        err9
20250723;	130140;	1753255900.000;	        err9
20250723;	130142;	1753255902.000;	        err9
20250723;	130144;	1753255904.000;	        err9
20250723;	130146;	1753255906.000;	        err9
20250723;	130148;	1753255908.000;	        err9
20250723;	130150;	1753255910.000;	        err9
20250723;	130152;	1753255912.000;	        err9
20250723;	130154;	1753255914.000;	        err9
20250723;	130156;	1753255916.000;	        err9
20250723;	130158;	1753255918.000;	        err9
20250723;	130200;	1753255920.000;	        err9
20250723;	130202;	1753255922.000;	        err9
20250723;	130204;	1753255924.000;	        err9
20250723;	130206;	1753255926.000;	        err9
20250723;	130208;	1753255928.000;	        err9
20250723;	130210;	1753255930.000;	        err9
20250723;	130212;	1753255932.000;	        err9
20250723;	130214;	1753255934.000;	        err9
20250723;	130216;	1753255936.000;	        err9
20250723;	130218;	1753255938.000;	        err9
20250723;	130220;	1753255940.000;	        err9
20250723;	130222;	1753255942.000;	        err9
20250723;	130224;	1753255944.000;	        err9
20250723;	130226;	1753255946.000;	        err9
20250723;	130228;	1753255948.000;	        err9
20250723;	130230;	1753255950.000;	        err9
20250723;	130232;	1753255952.000;	        err9
20250723;	130234;	1753255954.000;	        err9
20250723;	130236;	1753255956.000;	        err9
20250723;	130238;	1753255958.000;	        err9
20250723;	130240;	1753255960.000;	        err9
20250723;	130242;	1753255962.000;	        err9
20250723;	130244;	1753255964.000;	        err9
20250723;	130246;	1753255966.000;	        err9
20250723;	130248;	1753255968.000;	        err9
20250723;	130250;	1753255970.000;	        err9
20250723;	130252;	1753255972.000;	        err9
20250723;	130254;	1753255974.000;	        err9
20250723;	130256;	1753255976.000;	        err9
20250723;	130258;	1753255978.000;	        err9
20250723;	130300;	1753255980.000;	        err9
20250723;	130302;	1753255982.000;	        err9
20250723;	130304;	1753255984.000;	        err9
20250723;	130306;	1753255986.000;	        err9
20250723;	130308;	1753255988.000;	        err9
20250723;	130310;	1753255990.000;	        err9
20250723;	130312;	1753255992.000;	        err9
20250723;	130314;	1753255994.000;	        err9
20250723;	130316;	1753255996.000;	        err9
20250723;	130318;	1753255998.000;	        err9
20250723;	130320;	1753256000.000;	        err9
20250723;	130322;	1753256002.000;	        err9
20250723;	130324;	1753256004.000;	        err9
20250723;	130326;	1753256006.000;	        err9
20250723;	130328;	1753256008.000;	        err9
20250723;	130330;	1753256010.000;	        err9
20250723;	130332;	1753256012.000;	        err9
20250723;	130334;	1753256014.000;	        err9
20250723;	130336;	1753256016.000;	        err9
20250723;	130338;	1753256018.000;	        err9
20250723;	130340;	1753256020.000;	        err9
20250723;	130342;	1753256022.000;	        err9
20250723;	130344;	1753256024.000;	        err9
20250723;	130346;	1753256026.000;	        err9
20250723;	130348;	1753256028.000;	        err9
20250723;	130350;	1753256030.000;	        err9
20250723;	130352;	1753256032.000;	        err9
20250723;	130354;	1753256034.000;	        err9
20250723;	130356;	1753256036.000;	        err9
20250723;	130358;	1753256038.000;	        err9
20250723;	130400;	1753256040.000;	        err9
20250723;	130402;	1753256042.000;	        err9
20250723;	130404;	1753256044.000;	        err9
20250723;	130406;	1753256046.000;	        err9
20250723;	130408;	1753256048.000;	        err9
20250723;	130410;	1753256050.000;	        err9
20250723;	130412;	1753256052.000;	        err9
20250723;	130414;	1753256054.000;	        err9
20250723;	130416;	1753256056.000;	        err9
20250723;	130418;	1753256058.000;	        err9
20250723;	130420;	1753256060.000;	        err9
20250723;	130422;	1753256062.000;	        err9
20250723;	130424;	1753256064.000;	        err9
20250723;	130426;	1753256066.000;	        err9
20250723;	130428;	1753256068.000;	        err9
20250723;	130430;	1753256070.000;	        err9
20250723;	130432;	1753256072.000;	        err9
20250723;	130434;	1753256074.000;	        err9
20250723;	130436;	1753256076.000;	        err9
20250723;	130438;	1753256078.000;	        err9
20250723;	130440;	1753256080.000;	        err9
20250723;	130442;	1753256082.000;	        err9
20250723;	130444;	1753256084.000;	        err9
20250723;	130446;	1753256086.000;	        err9
20250723;	130448;	1753256088.000;	        err9
20250723;	130450;	1753256090.000;	        err9
20250723;	130452;	1753256092.000;	        err9
20250723;	130454;	1753256094.000;	        err9
20250723;	130456;	1753256096.000;	        err9
20250723;	130458;	1753256098.000;	        err9
20250723;	130500;	1753256100.000;	        err9
20250723;	130502;	1753256102.000;	        err9
20250723;	130504;	1753256104.000;	        err9
20250723;	130506;	1753256106.000;	        err9
20250723;	130508;	1753256108.000;	        err9
20250723;	130510;	1753256110.000;	        err9
20250723;	130512;	1753256112.000;	        err9
20250723;	130514;	1753256114.000;	        err9
20250723;	130516;	1753256116.000;	        err9
20250723;	130518;	1753256118.000;	        err9
20250723;	130520;	1753256120.000;	        err9
20250723;	130522;	1753256122.000;	        err9
20250723;	130524;	1753256124.000;	        err9
20250723;	130526;	1753256126.000;	        err9
20250723;	130528;	1753256128.000;	        err9
20250723;	130530;	1753256130.000;	        err9
20250723;	130532;	1753256132.000;	        err9
20250723;	130534;	1753256134.000;	        err9
20250723;	130536;	1753256136.000;	        err9
20250723;	130538;	1753256138.000;	        err9
20250723;	130540;	1753256140.000;	        err9
20250723;	130542;	1753256142.000;	        err9
20250723;	130544;	1753256144.000;	        err9
20250723;	130546;	1753256146.000;	        err9
20250723;	130548;	1753256148.000;	        err9
20250723;	130550;	1753256150.000;	        err9
20250723;	130552;	1753256152.000;	        err9
20250723;	130554;	1753256154.000;	        err9
20250723;	130556;	1753256156.000;	        err9
20250723;	130558;	1753256158.000;	        err9
20250723;	130600;	1753256160.000;	        err9
20250723;	130602;	1753256162.000;	        err9
20250723;	130604;	1753256164.000;	        err9
20250723;	130606;	1753256166.000;	        err9
20250723;	130608;	1753256168.000;	        err9
20250723;	130610;	1753256170.000;	        err9
20250723;	130612;	1753256172.000;	        err9
20250723;	130614;	1753256174.000;	        err9
20250723;	130616;	1753256176.000;	        err9
20250723;	130618;	1753256178.000;	        err9
20250723;	130620;	1753256180.000;	        err9
20250723;	130622;	1753256182.000;	        err9
20250723;	130624;	1753256184.000;	        err9
20250723;	130626;	1753256186.000;	        err9
20250723;	130628;	1753256188.000;	        err9
20250723;	130630;	1753256190.000;	        err9
20250723;	130632;	1753256192.000;	        err9
20250723;	130634;	1753256194.000;	        err9
20250723;	130636;	1753256196.000;	        err9
20250723;	130638;	1753256198.000;	        err9
20250723;	130640;	1753256200.000;	        err9
20250723;	130642;	1753256202.000;	        err9
20250723;	130644;	1753256204.000;	        err9
20250723;	130646;	1753256206.000;	        err9
20250723;	130648;	1753256208.000;	        err9
20250723;	130650;	1753256210.000;	        err9
20250723;	130652;	1753256212.000;	        err9
20250723;	130654;	1753256214.000;	        err9
20250723;	130656;	1753256216.000;	        err9
20250723;	130658;	1753256218.000;	        err9
20250723;	130700;	1753256220.000;	        err9
20250723;	130702;	1753256222.000;	        err9
20250723;	130704;	1753256224.000;	        err9
20250723;	130706;	1753256226.000;	        err9
20250723;	130708;	1753256228.000;	        err9
20250723;	130710;	1753256230.000;	        err9
20250723;	130712;	1753256232.000;	        err9
20250723;	130714;	1753256234.000;	        err9
20250723;	130716;	1753256236.000;	        err9
20250723;	130718;	1753256238.000;	        err9
20250723;	130720;	1753256240.000;	        err9
20250723;	130722;	1753256242.000;	        err9
20250723;	130724;	1753256244.000;	        err9
20250723;	130726;	1753256246.000;	        err9
20250723;	130728;	1753256248.000;	        err9
20250723;	130730;	1753256250.000;	        err9
20250723;	130732;	1753256252.000;	        err9
20250723;	130734;	1753256254.000;	        err9
20250723;	130736;	1753256256.000;	        err9
20250723;	130738;	1753256258.000;	        err9
20250723;	130740;	1753256260.000;	        err9
20250723;	130742;	1753256262.000;	        err9
20250723;	130744;	1753256264.000;	        err9
20250723;	130746;	1753256266.000;	        err9
20250723;	130748;	1753256268.000;	        err9
20250723;	130750;	1753256270.000;	        err9
20250723;	130752;	1753256272.000;	        err9
20250723;	130754;	1753256274.000;	        err9
20250723;	130756;	1753256276.000;	        err9
20250723;	130758;	1753256278.000;	        err9
20250723;	130800;	1753256280.000;	        err9
20250723;	130802;	1753256282.000;	        err9
20250723;	130804;	1753256284.000;	        err9
20250723;	130806;	1753256286.000;	        err9
20250723;	130808;	1753256288.000;	        err9
20250723;	130810;	1753256290.000;	        err9
20250723;	130812;	1753256292.000;	        err9
20250723;	130814;	1753256294.000;	        err9
20250723;	130816;	1753256296.000;	        err9
20250723;	130818;	1753256298.000;	        err9
20250723;	130820;	1753256300.000;	        err9
20250723;	130822;	1753256302.000;	        err9
20250723;	130824;	1753256304.000;	        err9
20250723;	130826;	1753256306.000;	        err9
20250723;	130828;	1753256308.000;	        err9
20250723;	130830;	1753256310.000;	        err9
20250723;	130832;	1753256312.000;	        err9
20250723;	130834;	1753256314.000;	        err9
20250723;	130836;	1753256316.000;	        err9
20250723;	130838;	1753256318.000;	        err9
20250723;	130840;	1753256320.000;	        err9
20250723;	130842;	1753256322.000;	        err9
20250723;	130844;	1753256324.000;	        err9
20250723;	130846;	1753256326.000;	        err9
20250723;	130848;	1753256328.000;	        err9
20250723;	130850;	1753256330.000;	        err9
20250723;	130852;	1753256332.000;	        err9
20250723;	130854;	1753256334.000;	        err9
20250723;	130856;	1753256336.000;	        err9
20250723;	130858;	1753256338.000;	        err9
20250723;	130900;	1753256340.000;	        err9
20250723;	130902;	1753256342.000;	        err9
20250723;	130904;	1753256344.000;	        err9
20250723;	130906;	1753256346.000;	        err9
20250723;	130908;	1753256348.000;	        err9
20250723;	130910;	1753256350.000;	        err9
20250723;	130912;	1753256352.000;	        err9
20250723;	130914;	1753256354.000;	        err9
20250723;	130916;	1753256356.000;	        err9
20250723;	130918;	1753256358.000;	        err9
20250723;	130920;	1753256360.000;	        err9
20250723;	130922;	1753256362.000;	        err9
20250723;	130924;	1753256364.000;	        err9
20250723;	130926;	1753256366.000;	        err9
20250723;	130928;	1753256368.000;	        err9
20250723;	130930;	1753256370.000;	        err9
20250723;	130932;	1753256372.000;	        err9
20250723;	130934;	1753256374.000;	        err9
20250723;	130936;	1753256376.000;	        err9
20250723;	130938;	1753256378.000;	        err9
20250723;	130940;	1753256380.000;	        err9
20250723;	130942;	1753256382.000;	        err9
20250723;	130944;	1753256384.000;	        err9
20250723;	130946;	1753256386.000;	        err9
20250723;	130948;	1753256388.000;	        err9
20250723;	130950;	1753256390.000;	        err9
20250723;	130952;	1753256392.000;	        err9
20250723;	130954;	1753256394.000;	        err9
20250723;	130956;	1753256396.000;	        err9
20250723;	130958;	1753256398.000;	        err9
20250723;	131000;	1753256400.000;	        err9
20250723;	131002;	1753256402.000;	        err9
20250723;	131004;	1753256404.000;	        err9
20250723;	131006;	1753256406.000;	        err9
20250723;	131008;	1753256408.000;	        err9
20250723;	131010;	1753256410.000;	        err9
20250723;	131012;	1753256412.000;	        err9
20250723;	131014;	1753256414.000;	        err9
20250723;	131016;	1753256416.000;	       err32
20250723;	131018;	1753256418.000;	       err32
20250723;	131020;	1753256420.000;	       err32
20250723;	131022;	1753256422.000;	       err32
20250723;	131024;	1753256424.000;	       err32
20250723;	131026;	1753256426.000;	       err32
20250723;	131028;	1753256428.000;	       err32
20250723;	131030;	1753256430.000;	       err32
20250723;	131032;	1753256432.000;	       err32
20250723;	131034;	1753256434.000;	       err32
20250723;	131036;	1753256436.000;	       err32
20250723;	131038;	1753256438.000;	       err32
20250723;	131040;	1753256440.000;	       err32
20250723;	131042;	1753256442.000;	       err32
20250723;	131044;	1753256444.000;	       err32
20250723;	131046;	1753256446.000;	       err32
20250723;	131048;	1753256448.000;	       err32
20250723;	131050;	1753256450.000;	       err32
20250723;	131052;	1753256452.000;	       err32
20250723;	131054;	1753256454.000;	       err32
20250723;	131056;	1753256456.000;	       err32
20250723;	131058;	1753256458.000;	       err32
20250723;	131100;	1753256460.000;	       err32
20250723;	131102;	1753256462.000;	       err32
20250723;	131104;	1753256464.000;	       err32
20250723;	131106;	1753256466.000;	       err32
20250723;	131108;	1753256468.000;	       err32
20250723;	131110;	1753256470.000;	       err32
20250723;	131112;	1753256472.000;	       err32
20250723;	131114;	1753256474.000;	       err32
20250723;	131116;	1753256476.000;	       err32
20250723;	131118;	1753256478.000;	       err32
20250723;	131120;	1753256480.000;	       err32
20250723;	131122;	1753256482.000;	       err32
20250723;	131124;	1753256484.000;	       err32
20250723;	131126;	1753256486.000;	       err32
20250723;	131128;	1753256488.000;	       err32
20250723;	131130;	1753256490.000;	       err32
20250723;	131132;	1753256492.000;	       err32
20250723;	131134;	1753256494.000;	       err32
20250723;	131136;	1753256496.000;	       err32
20250723;	131138;	1753256498.000;	       err32
20250723;	131140;	1753256500.000;	       err32
20250723;	131142;	1753256502.000;	       err32
20250723;	131144;	1753256504.000;	       err32
20250723;	131146;	1753256506.000;	       err32
20250723;	131148;	1753256508.000;	       err32
20250723;	131150;	1753256510.000;	       err32
20250723;	131152;	1753256512.000;	       err32
20250723;	131154;	1753256514.000;	       err32
20250723;	131156;	1753256516.000;	       err32
20250723;	131158;	1753256518.000;	       err32
20250723;	131200;	1753256520.000;	       err32
20250723;	131202;	1753256522.000;	       err32
20250723;	131204;	1753256524.000;	       err32
20250723;	131206;	1753256526.000;	       err32
20250723;	131208;	1753256528.000;	       err32
20250723;	131210;	1753256530.000;	       err32
20250723;	131212;	1753256532.000;	       err32
20250723;	131214;	1753256534.000;	       err32
20250723;	131216;	1753256536.000;	       err32
20250723;	131218;	1753256538.000;	       err32
20250723;	131220;	1753256540.000;	       err32
20250723;	131222;	1753256542.000;	       err32
20250723;	131224;	1753256544.000;	       err32
20250723;	131226;	1753256546.000;	       err32
20250723;	131228;	1753256548.000;	       err32
20250723;	131230;	1753256550.000;	       err32
20250723;	131232;	1753256552.000;	       err32
20250723;	131234;	1753256554.000;	       err32
20250723;	131236;	1753256556.000;	       err32
20250723;	131238;	1753256558.000;	       err32
20250723;	131240;	1753256560.000;	           0
20250723;	131242;	1753256562.000;	           0
20250723;	131244;	1753256564.000;	           0
20250723;	131246;	1753256566.000;	           0
20250723;	131248;	1753256568.000;	           0
20250723;	131250;	1753256570.000;	           0
20250723;	131252;	1753256572.000;	           0
20250723;	131254;	1753256574.000;	           0
20250723;	131256;	1753256576.000;	           0
20250723;	131258;	1753256578.000;	           0
20250723;	131300;	1753256580.000;	           0
20250723;	131302;	1753256582.000;	           0
20250723;	131304;	1753256584.000;	           0
20250723;	131306;	1753256586.000;	           0
20250723;	131308;	1753256588.000;	           0
20250723;	131310;	1753256590.000;	           0
20250723;	131312;	1753256592.000;	           0
20250723;	131314;	1753256594.000;	           0
20250723;	131316;	1753256596.000;	           0
20250723;	131318;	1753256598.000;	           0
20250723;	131320;	1753256600.000;	           0
20250723;	131322;	1753256602.000;	           0
20250723;	131324;	1753256604.000;	           0
20250723;	131326;	1753256606.000;	           0
20250723;	131328;	1753256608.000;	           0
20250723;	131330;	1753256610.000;	           0
20250723;	131332;	1753256612.000;	           0
20250723;	131334;	1753256614.000;	           0
20250723;	131336;	1753256616.000;	           0
20250723;	131338;	1753256618.000;	           0
20250723;	131340;	1753256620.000;	           0
20250723;	131342;	1753256622.000;	           0
20250723;	131344;	1753256624.000;	           0
20250723;	131346;	1753256626.000;	           0
20250723;	131348;	1753256628.000;	           0
20250723;	131350;	1753256630.000;	           0
20250723;	131352;	1753256632.000;	           0
20250723;	131354;	1753256634.000;	           0
20250723;	131356;	1753256636.000;	           0
20250723;	131358;	1753256638.000;	           0
20250723;	131400;	1753256640.000;	           0
20250723;	131402;	1753256642.000;	           0
20250723;	131404;	1753256644.000;	           0
20250723;	131406;	1753256646.000;	           0
20250723;	131408;	1753256648.000;	           0
20250723;	131410;	1753256650.000;	           0
20250723;	131412;	1753256652.000;	           0
20250723;	131414;	1753256654.000;	           0
20250723;	131416;	1753256656.000;	           0
20250723;	131418;	1753256658.000;	           0
20250723;	131420;	1753256660.000;	           0
20250723;	131422;	1753256662.000;	           0
20250723;	131424;	1753256664.000;	           0
20250723;	131426;	1753256666.000;	           0
20250723;	131428;	1753256668.000;	           0
20250723;	131430;	1753256670.000;	           0
20250723;	131432;	1753256672.000;	           0
20250723;	131434;	1753256674.000;	           0
20250723;	131436;	1753256676.000;	           0
20250723;	131438;	1753256678.000;	           0
20250723;	131440;	1753256680.000;	           0
20250723;	131442;	1753256682.000;	           0
20250723;	131444;	1753256684.000;	           0
20250723;	131446;	1753256686.000;	           0
20250723;	131448;	1753256688.000;	           0
20250723;	131450;	1753256690.000;	           0
20250723;	131452;	1753256692.000;	           0
20250723;	131454;	1753256694.000;	           0
20250723;	131456;	1753256696.000;	           0
20250723;	131458;	1753256698.000;	           0
20250723;	131500;	1753256700.000;	           0
20250723;	131502;	1753256702.000;	           0
20250723;	131504;	1753256704.000;	           0
20250723;	131506;	1753256706.000;	           0
20250723;	131508;	1753256708.000;	           0
20250723;	131510;	1753256710.000;	           0
20250723;	131512;	1753256712.000;	           0
20250723;	131514;	1753256714.000;	           0
20250723;	131516;	1753256716.000;	           0
20250723;	131518;	1753256718.000;	           0
20250723;	131520;	1753256720.000;	           0
20250723;	131522;	1753256722.000;	           0
20250723;	131524;	1753256724.000;	           0
20250723;	131526;	1753256726.000;	           0
20250723;	131528;	1753256728.000;	           0
20250723;	131530;	1753256730.000;	           0
20250723;	131532;	1753256732.000;	           0
20250723;	131534;	1753256734.000;	           0
20250723;	131536;	1753256736.000;	           0
20250723;	131538;	1753256738.000;	           0
20250723;	131540;	1753256740.000;	           0
20250723;	131542;	1753256742.000;	           0
20250723;	131544;	1753256744.000;	           0
20250723;	131546;	1753256746.000;	           0
20250723;	131548;	1753256748.000;	           0
20250723;	131550;	1753256750.000;	           0
20250723;	131552;	1753256752.000;	           0
20250723;	131554;	1753256754.000;	           0
20250723;	131556;	1753256756.000;	           0
20250723;	131558;	1753256758.000;	           0
20250723;	131600;	1753256760.000;	           0
20250723;	131602;	1753256762.000;	           0
20250723;	131604;	1753256764.000;	           0
20250723;	131606;	1753256766.000;	           0
20250723;	131608;	1753256768.000;	           0
20250723;	131610;	1753256770.000;	           0
20250723;	131612;	1753256772.000;	           0
20250723;	131614;	1753256774.000;	           0
20250723;	131616;	1753256776.000;	           0
20250723;	131618;	1753256778.000;	           0
20250723;	131620;	1753256780.000;	           0
20250723;	131622;	1753256782.000;	           0
20250723;	131624;	1753256784.000;	           0
20250723;	131626;	1753256786.000;	           0
20250723;	131628;	1753256788.000;	           0
20250723;	131630;	1753256790.000;	           0
20250723;	131632;	1753256792.000;	           0
20250723;	131634;	1753256794.000;	           0
20250723;	131636;	1753256796.000;	           0
20250723;	131638;	1753256798.000;	           0
20250723;	131640;	1753256800.000;	           0
20250723;	131642;	1753256802.000;	           0
20250723;	131644;	1753256804.000;	           0
20250723;	131646;	1753256806.000;	           0
20250723;	131648;	1753256808.000;	           0
20250723;	131650;	1753256810.000;	           0
20250723;	131652;	1753256812.000;	           0
20250723;	131654;	1753256814.000;	           0
20250723;	131656;	1753256816.000;	           0
20250723;	131658;	1753256818.000;	           0
20250723;	131700;	1753256820.000;	           0
20250723;	131702;	1753256822.000;	           0
20250723;	131704;	1753256824.000;	           0
20250723;	131706;	1753256826.000;	           0
20250723;	131708;	1753256828.000;	           0
20250723;	131710;	1753256830.000;	           0
20250723;	131712;	1753256832.000;	           0
20250723;	131714;	1753256834.000;	           0
20250723;	131716;	1753256836.000;	           0
20250723;	131718;	1753256838.000;	           0
20250723;	131720;	1753256840.000;	           0
20250723;	131722;	1753256842.000;	           0
20250723;	131724;	1753256844.000;	           0
20250723;	131726;	1753256846.000;	           0
20250723;	131728;	1753256848.000;	           0
20250723;	131730;	1753256850.000;	           0
20250723;	131732;	1753256852.000;	           0
20250723;	131734;	1753256854.000;	           0
20250723;	131736;	1753256856.000;	           0
20250723;	131738;	1753256858.000;	           0
20250723;	131740;	1753256860.000;	           0
20250723;	131742;	1753256862.000;	           0
20250723;	131744;	1753256864.000;	           0
20250723;	131746;	1753256866.000;	           0
20250723;	131748;	1753256868.000;	           0
20250723;	131750;	1753256870.000;	           0
20250723;	131752;	1753256872.000;	           0
20250723;	131754;	1753256874.000;	           0
20250723;	131756;	1753256876.000;	        err9
20250723;	131758;	1753256878.000;	        err9
20250723;	131800;	1753256880.000;	        err9
20250723;	131802;	1753256882.000;	       err32
20250723;	131804;	1753256884.000;	       err32
20250723;	131806;	1753256886.000;	       err32
20250723;	131808;	1753256888.000;	       err32
20250723;	131810;	1753256890.000;	       err32
20250723;	131812;	1753256892.000;	       err32
20250723;	131814;	1753256894.000;	       err32
20250723;	131816;	1753256896.000;	       err32
20250723;	131818;	1753256898.000;	       err32
20250723;	131820;	1753256900.000;	       err32
20250723;	131822;	1753256902.000;	       err32
20250723;	131824;	1753256904.000;	       err32
20250723;	131826;	1753256906.000;	       err32
20250723;	131828;	1753256908.000;	       err32
20250723;	131830;	1753256910.000;	       err32
20250723;	131832;	1753256912.000;	       err32
20250723;	131834;	1753256914.000;	       err32
20250723;	131836;	1753256916.000;	       err32
20250723;	131838;	1753256918.000;	       err32
20250723;	131840;	1753256920.000;	       err32
20250723;	131842;	1753256922.000;	       err32
20250723;	131844;	1753256924.000;	       err32
20250723;	131846;	1753256926.000;	       err32
20250723;	131848;	1753256928.000;	       err32
20250723;	131850;	1753256930.000;	       err32
20250723;	131852;	1753256932.000;	       err32
20250723;	131854;	1753256934.000;	       err32
20250723;	131856;	1753256936.000;	       err32
20250723;	131858;	1753256938.000;	       err32
20250723;	131900;	1753256940.000;	       err32
20250723;	131902;	1753256942.000;	       err32
20250723;	131904;	1753256944.000;	       err32
20250723;	131906;	1753256946.000;	       err32
20250723;	131908;	1753256948.000;	       err32
20250723;	131910;	1753256950.000;	       err32
20250723;	131912;	1753256952.000;	       err32
20250723;	131914;	1753256954.000;	       err32
20250723;	131916;	1753256956.000;	       err32
20250723;	131918;	1753256958.000;	       err32
20250723;	131920;	1753256960.000;	       err32
20250723;	131922;	1753256962.000;	       err32
20250723;	131924;	1753256964.000;	       err32
20250723;	131926;	1753256966.000;	       err32
20250723;	131928;	1753256968.000;	       err32
20250723;	131930;	1753256970.000;	       err32
20250723;	131932;	1753256972.000;	       err32
20250723;	131934;	1753256974.000;	       err32
20250723;	131936;	1753256976.000;	       err32
20250723;	131938;	1753256978.000;	       err32
20250723;	131940;	1753256980.000;	       err32
20250723;	131942;	1753256982.000;	       err32
20250723;	131944;	1753256984.000;	       err32
20250723;	131946;	1753256986.000;	       err32
20250723;	131948;	1753256988.000;	       err32
20250723;	131950;	1753256990.000;	       err32
20250723;	131952;	1753256992.000;	       err32
20250723;	131954;	1753256994.000;	       err32
20250723;	131956;	1753256996.000;	       err32
20250723;	131958;	1753256998.000;	       err32
20250723;	132000;	1753257000.000;	       err32
20250723;	132002;	1753257002.000;	       err32
20250723;	132004;	1753257004.000;	       err32
20250723;	132006;	1753257006.000;	       err32
20250723;	132008;	1753257008.000;	       err32
20250723;	132010;	1753257010.000;	       err32
20250723;	132012;	1753257012.000;	       err32
20250723;	132014;	1753257014.000;	       err32
20250723;	132016;	1753257016.000;	       err32
20250723;	132018;	1753257018.000;	       err32
20250723;	132020;	1753257020.000;	       err32
20250723;	132022;	1753257022.000;	       err32
20250723;	132024;	1753257024.000;	       err32
20250723;	132026;	1753257026.000;	       err32
20250723;	132028;	1753257028.000;	       err32
20250723;	132030;	1753257030.000;	       err32
20250723;	132032;	1753257032.000;	       err32
20250723;	132034;	1753257034.000;	       err32
20250723;	132036;	1753257036.000;	       err32
20250723;	132038;	1753257038.000;	       err32
20250723;	132040;	1753257040.000;	       err32
20250723;	132042;	1753257042.000;	       err32
20250723;	132044;	1753257044.000;	       err32
20250723;	132046;	1753257046.000;	       err32
20250723;	132048;	1753257048.000;	       err32
20250723;	132050;	1753257050.000;	       err32
20250723;	132052;	1753257052.000;	       err32
20250723;	132054;	1753257054.000;	       err32
20250723;	132056;	1753257056.000;	       err32
20250723;	132058;	1753257058.000;	       err32
20250723;	132100;	1753257060.000;	       err32
20250723;	132102;	1753257062.000;	       err32
20250723;	132104;	1753257064.000;	       err32
20250723;	132106;	1753257066.000;	       err32
20250723;	132108;	1753257068.000;	       err32
20250723;	132110;	1753257070.000;	       err32
20250723;	132112;	1753257072.000;	       err32
20250723;	132114;	1753257074.000;	       err32
20250723;	132116;	1753257076.000;	       err32
20250723;	132118;	1753257078.000;	       err32
20250723;	132120;	1753257080.000;	       err32
20250723;	132122;	1753257082.000;	       err32
20250723;	132124;	1753257084.000;	       err32
20250723;	132126;	1753257086.000;	       err32
20250723;	132128;	1753257088.000;	       err32
20250723;	132130;	1753257090.000;	       err32
20250723;	132132;	1753257092.000;	       err32
20250723;	132134;	1753257094.000;	       err32
20250723;	132136;	1753257096.000;	       err32
20250723;	132138;	1753257098.000;	       err32
20250723;	132140;	1753257100.000;	       err32
20250723;	132142;	1753257102.000;	       err32
20250723;	132144;	1753257104.000;	       err32
20250723;	132146;	1753257106.000;	       err32
20250723;	132148;	1753257108.000;	       err32
20250723;	132150;	1753257110.000;	       err32
20250723;	132152;	1753257112.000;	       err32
20250723;	132154;	1753257114.000;	       err32
20250723;	132156;	1753257116.000;	           0
20250723;	132158;	1753257118.000;	           0
20250723;	132200;	1753257120.000;	           0
20250723;	132202;	1753257122.000;	           0
20250723;	132204;	1753257124.000;	           0
20250723;	132206;	1753257126.000;	           0
20250723;	132208;	1753257128.000;	           0
20250723;	132210;	1753257130.000;	           0
20250723;	132212;	1753257132.000;	           0
20250723;	132214;	1753257134.000;	           0
20250723;	132216;	1753257136.000;	           0
20250723;	132218;	1753257138.000;	           0
20250723;	132220;	1753257140.000;	           0
20250723;	132222;	1753257142.000;	           0
20250723;	132224;	1753257144.000;	           0
20250723;	132226;	1753257146.000;	           0
20250723;	132228;	1753257148.000;	           0
20250723;	132230;	1753257150.000;	           0
20250723;	132232;	1753257152.000;	           0
20250723;	132234;	1753257154.000;	           0
20250723;	132236;	1753257156.000;	           0
20250723;	132238;	1753257158.000;	           0
20250723;	132240;	1753257160.000;	           0
20250723;	132242;	1753257162.000;	           0
20250723;	132244;	1753257164.000;	           0
20250723;	132246;	1753257166.000;	           0
20250723;	132248;	1753257168.000;	           0
20250723;	132250;	1753257170.000;	           0
20250723;	132252;	1753257172.000;	           0
20250723;	132254;	1753257174.000;	           0
20250723;	132256;	1753257176.000;	           0
20250723;	132258;	1753257178.000;	           0
20250723;	132300;	1753257180.000;	           0
20250723;	132302;	1753257182.000;	           0
20250723;	132304;	1753257184.000;	           0
20250723;	132306;	1753257186.000;	           0
20250723;	132308;	1753257188.000;	           0
20250723;	132310;	1753257190.000;	           0
20250723;	132312;	1753257192.000;	           0
20250723;	132314;	1753257194.000;	           0
20250723;	132316;	1753257196.000;	           0
20250723;	132318;	1753257198.000;	           0
20250723;	132320;	1753257200.000;	           0
20250723;	132322;	1753257202.000;	           0
20250723;	132324;	1753257204.000;	           0
20250723;	132326;	1753257206.000;	           0
20250723;	132328;	1753257208.000;	           0
20250723;	132330;	1753257210.000;	           0
20250723;	132332;	1753257212.000;	           0
20250723;	132334;	1753257214.000;	           0
20250723;	132336;	1753257216.000;	           0
20250723;	132338;	1753257218.000;	           0
20250723;	132340;	1753257220.000;	           0
20250723;	132342;	1753257222.000;	           0
20250723;	132344;	1753257224.000;	           0
20250723;	132346;	1753257226.000;	           0
20250723;	132348;	1753257228.000;	           0
20250723;	132350;	1753257230.000;	           0
20250723;	132352;	1753257232.000;	           0
20250723;	132354;	1753257234.000;	           0
20250723;	132356;	1753257236.000;	           0
20250723;	132358;	1753257238.000;	           0
20250723;	132400;	1753257240.000;	           0
20250723;	132402;	1753257242.000;	           0
20250723;	132404;	1753257244.000;	           0
20250723;	132406;	1753257246.000;	           0
20250723;	132408;	1753257248.000;	           0
20250723;	132410;	1753257250.000;	           0
20250723;	132412;	1753257252.000;	           0
20250723;	132414;	1753257254.000;	           0
20250723;	132416;	1753257256.000;	           0
20250723;	132418;	1753257258.000;	           0
20250723;	132420;	1753257260.000;	           0
20250723;	132422;	1753257262.000;	           0
20250723;	132424;	1753257264.000;	           0
20250723;	132426;	1753257266.000;	           0
20250723;	132428;	1753257268.000;	           0
20250723;	132430;	1753257270.000;	           0
20250723;	132432;	1753257272.000;	           0
20250723;	132434;	1753257274.000;	           0
20250723;	132436;	1753257276.000;	           0
20250723;	132438;	1753257278.000;	           0
20250723;	132440;	1753257280.000;	           0
20250723;	132442;	1753257282.000;	           0
20250723;	132444;	1753257284.000;	           0
20250723;	132446;	1753257286.000;	           0
20250723;	132448;	1753257288.000;	           0
20250723;	132450;	1753257290.000;	           0
20250723;	132452;	1753257292.000;	           0
20250723;	132454;	1753257294.000;	           0
20250723;	132456;	1753257296.000;	           0
20250723;	132458;	1753257298.000;	           0
20250723;	132500;	1753257300.000;	           0
20250723;	132502;	1753257302.000;	           0
20250723;	132504;	1753257304.000;	           0
20250723;	132506;	1753257306.000;	           0
20250723;	132508;	1753257308.000;	           0
20250723;	132510;	1753257310.000;	           0
20250723;	132512;	1753257312.000;	           0
20250723;	132514;	1753257314.000;	           0
20250723;	132516;	1753257316.000;	           0
20250723;	132518;	1753257318.000;	           0
20250723;	132520;	1753257320.000;	           0
20250723;	132522;	1753257322.000;	           0
20250723;	132524;	1753257324.000;	           0
20250723;	132526;	1753257326.000;	           0
20250723;	132528;	1753257328.000;	           0
20250723;	132530;	1753257330.000;	           0
20250723;	132532;	1753257332.000;	           0
20250723;	132534;	1753257334.000;	           0
20250723;	132536;	1753257336.000;	           0
20250723;	132538;	1753257338.000;	           0
20250723;	132540;	1753257340.000;	           0
20250723;	132542;	1753257342.000;	           0
20250723;	132544;	1753257344.000;	           0
20250723;	132546;	1753257346.000;	           0
20250723;	132548;	1753257348.000;	           0
20250723;	132550;	1753257350.000;	           0
20250723;	132552;	1753257352.000;	           0
20250723;	132554;	1753257354.000;	           0
20250723;	132556;	1753257356.000;	           0
20250723;	132558;	1753257358.000;	           0
20250723;	132600;	1753257360.000;	           0
20250723;	132602;	1753257362.000;	           0
20250723;	132604;	1753257364.000;	           0
20250723;	132606;	1753257366.000;	           0
20250723;	132608;	1753257368.000;	           0
20250723;	132610;	1753257370.000;	           0
20250723;	132612;	1753257372.000;	           0
20250723;	132614;	1753257374.000;	           0
20250723;	132616;	1753257376.000;	           0
20250723;	132618;	1753257378.000;	           0
20250723;	132620;	1753257380.000;	           0
20250723;	132622;	1753257382.000;	           0
20250723;	132624;	1753257384.000;	           0
20250723;	132626;	1753257386.000;	           0
20250723;	132628;	1753257388.000;	           0
20250723;	132630;	1753257390.000;	           0
20250723;	132632;	1753257392.000;	           0
20250723;	132634;	1753257394.000;	           0
20250723;	132636;	1753257396.000;	           0
20250723;	132638;	1753257398.000;	           0
20250723;	132640;	1753257400.000;	           0
20250723;	132642;	1753257402.000;	           0
20250723;	132644;	1753257404.000;	           0
20250723;	132646;	1753257406.000;	           0
20250723;	132648;	1753257408.000;	           0
20250723;	132650;	1753257410.000;	           0
20250723;	132652;	1753257412.000;	           0
20250723;	132654;	1753257414.000;	           0
20250723;	132656;	1753257416.000;	           0
20250723;	132658;	1753257418.000;	           0
20250723;	132700;	1753257420.000;	           0
20250723;	132702;	1753257422.000;	           0
20250723;	132704;	1753257424.000;	           0
20250723;	132706;	1753257426.000;	           0
20250723;	132708;	1753257428.000;	           0
20250723;	132710;	1753257430.000;	           0
20250723;	132712;	1753257432.000;	           0
20250723;	132714;	1753257434.000;	           0
20250723;	132716;	1753257436.000;	           0
20250723;	132718;	1753257438.000;	           0
20250723;	132720;	1753257440.000;	           0
20250723;	132722;	1753257442.000;	           0
20250723;	132724;	1753257444.000;	           0
20250723;	132726;	1753257446.000;	           0
20250723;	132728;	1753257448.000;	           0
20250723;	132730;	1753257450.000;	           0
20250723;	132732;	1753257452.000;	           0
20250723;	132734;	1753257454.000;	           0
20250723;	132736;	1753257456.000;	           0
20250723;	132738;	1753257458.000;	           0
20250723;	132740;	1753257460.000;	           0
20250723;	132742;	1753257462.000;	           0
20250723;	132744;	1753257464.000;	           0
20250723;	132746;	1753257466.000;	           0
20250723;	132748;	1753257468.000;	           0
20250723;	132750;	1753257470.000;	           0
20250723;	132752;	1753257472.000;	           0
20250723;	132754;	1753257474.000;	           0
20250723;	132756;	1753257476.000;	           0
20250723;	132758;	1753257478.000;	           0
20250723;	132800;	1753257480.000;	           0
20250723;	132802;	1753257482.000;	           0
20250723;	132804;	1753257484.000;	           0
20250723;	132806;	1753257486.000;	           0
20250723;	132808;	1753257488.000;	           0
20250723;	132810;	1753257490.000;	           0
20250723;	132812;	1753257492.000;	           0
20250723;	132814;	1753257494.000;	           0
20250723;	132816;	1753257496.000;	           0
20250723;	132818;	1753257498.000;	           0
20250723;	132820;	1753257500.000;	           0
20250723;	132822;	1753257502.000;	           0
20250723;	132824;	1753257504.000;	           0
20250723;	132826;	1753257506.000;	           0
20250723;	132828;	1753257508.000;	           0
20250723;	132830;	1753257510.000;	           0
20250723;	132832;	1753257512.000;	           0
20250723;	132834;	1753257514.000;	           0
20250723;	132836;	1753257516.000;	           0
20250723;	132838;	1753257518.000;	           0
20250723;	132840;	1753257520.000;	           0
20250723;	132842;	1753257522.000;	           0
20250723;	132844;	1753257524.000;	           0
20250723;	132846;	1753257526.000;	           0
20250723;	132848;	1753257528.000;	           0
20250723;	132850;	1753257530.000;	           0
20250723;	132852;	1753257532.000;	           0
20250723;	132854;	1753257534.000;	           0
20250723;	132856;	1753257536.000;	           0
20250723;	132858;	1753257538.000;	           0
20250723;	132900;	1753257540.000;	           0
20250723;	132902;	1753257542.000;	           0
20250723;	132904;	1753257544.000;	           0
20250723;	132906;	1753257546.000;	           0
20250723;	132908;	1753257548.000;	           0
20250723;	132910;	1753257550.000;	           0
20250723;	132912;	1753257552.000;	           0
20250723;	132914;	1753257554.000;	           0
20250723;	132916;	1753257556.000;	           0
20250723;	132918;	1753257558.000;	           0
20250723;	132920;	1753257560.000;	           0
20250723;	132922;	1753257562.000;	           0
20250723;	132924;	1753257564.000;	           0
20250723;	132926;	1753257566.000;	           0
20250723;	132928;	1753257568.000;	           0
20250723;	132930;	1753257570.000;	           0
20250723;	132932;	1753257572.000;	           0
20250723;	132934;	1753257574.000;	           0
20250723;	132936;	1753257576.000;	           0
20250723;	132938;	1753257578.000;	           0
20250723;	132940;	1753257580.000;	           0
20250723;	132942;	1753257582.000;	           0
20250723;	132944;	1753257584.000;	           0
20250723;	132946;	1753257586.000;	           0
20250723;	132948;	1753257588.000;	           0
20250723;	132950;	1753257590.000;	           0
20250723;	132952;	1753257592.000;	           0
20250723;	132954;	1753257594.000;	           0
20250723;	132956;	1753257596.000;	           0
20250723;	132958;	1753257598.000;	           0
20250723;	133000;	1753257600.000;	           0
20250723;	133002;	1753257602.000;	           0
20250723;	133004;	1753257604.000;	           0
20250723;	133006;	1753257606.000;	           0
20250723;	133008;	1753257608.000;	           0
20250723;	133010;	1753257610.000;	           0
20250723;	133012;	1753257612.000;	           0
20250723;	133014;	1753257614.000;	           0
20250723;	133016;	1753257616.000;	           0
20250723;	133018;	1753257618.000;	           0
20250723;	133020;	1753257620.000;	           0
20250723;	133022;	1753257622.000;	           0
20250723;	133024;	1753257624.000;	           0
20250723;	133026;	1753257626.000;	           0
20250723;	133028;	1753257628.000;	           0
20250723;	133030;	1753257630.000;	           0
20250723;	133032;	1753257632.000;	           0
20250723;	133034;	1753257634.000;	           0
20250723;	133036;	1753257636.000;	           0
20250723;	133038;	1753257638.000;	           0
20250723;	133040;	1753257640.000;	           0
20250723;	133042;	1753257642.000;	           0
20250723;	133044;	1753257644.000;	           0
20250723;	133046;	1753257646.000;	           0
20250723;	133048;	1753257648.000;	           0
20250723;	133050;	1753257650.000;	           0
20250723;	133052;	1753257652.000;	           0
20250723;	133054;	1753257654.000;	           0
20250723;	133056;	1753257656.000;	           0
20250723;	133058;	1753257658.000;	           0
20250723;	133100;	1753257660.000;	           0
20250723;	133102;	1753257662.000;	           0
20250723;	133104;	1753257664.000;	           0
20250723;	133106;	1753257666.000;	           0
20250723;	133108;	1753257668.000;	           0
20250723;	133110;	1753257670.000;	           0
20250723;	133112;	1753257672.000;	           0
20250723;	133114;	1753257674.000;	           0
20250723;	133116;	1753257676.000;	           0
20250723;	133118;	1753257678.000;	           0
20250723;	133120;	1753257680.000;	           0
20250723;	133122;	1753257682.000;	           0
20250723;	133124;	1753257684.000;	           0
20250723;	133126;	1753257686.000;	           0
20250723;	133128;	1753257688.000;	           0
20250723;	133130;	1753257690.000;	           0
20250723;	133132;	1753257692.000;	           0
20250723;	133134;	1753257694.000;	           0
20250723;	133136;	1753257696.000;	           0
20250723;	133138;	1753257698.000;	           0
20250723;	133140;	1753257700.000;	           0
20250723;	133142;	1753257702.000;	           0
20250723;	133144;	1753257704.000;	           0
20250723;	133146;	1753257706.000;	           0
20250723;	133148;	1753257708.000;	           0
20250723;	133150;	1753257710.000;	           0
20250723;	133152;	1753257712.000;	           0
20250723;	133154;	1753257714.000;	           0
20250723;	133156;	1753257716.000;	           0
20250723;	133158;	1753257718.000;	           0
20250723;	133200;	1753257720.000;	           0
20250723;	133202;	1753257722.000;	           0
20250723;	133204;	1753257724.000;	           0
20250723;	133206;	1753257726.000;	           0
20250723;	133208;	1753257728.000;	           0
20250723;	133210;	1753257730.000;	           0
20250723;	133212;	1753257732.000;	           0
20250723;	133214;	1753257734.000;	           0
20250723;	133216;	1753257736.000;	           0
20250723;	133218;	1753257738.000;	           0
20250723;	133220;	1753257740.000;	           0
20250723;	133222;	1753257742.000;	           0
20250723;	133224;	1753257744.000;	           0
20250723;	133226;	1753257746.000;	           0
20250723;	133228;	1753257748.000;	           0
20250723;	133230;	1753257750.000;	           0
20250723;	133232;	1753257752.000;	           0
20250723;	133234;	1753257754.000;	           0
20250723;	133236;	1753257756.000;	           0
20250723;	133238;	1753257758.000;	           0
20250723;	133240;	1753257760.000;	           0
20250723;	133242;	1753257762.000;	           0
20250723;	133244;	1753257764.000;	           0
20250723;	133246;	1753257766.000;	           0
20250723;	133248;	1753257768.000;	           0
20250723;	133250;	1753257770.000;	           0
20250723;	133252;	1753257772.000;	           0
20250723;	133254;	1753257774.000;	           0
20250723;	133256;	1753257776.000;	           0
20250723;	133258;	1753257778.000;	           0
20250723;	133300;	1753257780.000;	           0
20250723;	133302;	1753257782.000;	           0
20250723;	133304;	1753257784.000;	           0
20250723;	133306;	1753257786.000;	           0
20250723;	133308;	1753257788.000;	           0
20250723;	133310;	1753257790.000;	           0
20250723;	133312;	1753257792.000;	           0
20250723;	133314;	1753257794.000;	           0
20250723;	133316;	1753257796.000;	           0
20250723;	133318;	1753257798.000;	           0
20250723;	133320;	1753257800.000;	           0
20250723;	133322;	1753257802.000;	           0
20250723;	133324;	1753257804.000;	           0
20250723;	133326;	1753257806.000;	           0
20250723;	133328;	1753257808.000;	           0
20250723;	133330;	1753257810.000;	           0
20250723;	133332;	1753257812.000;	           0
20250723;	133334;	1753257814.000;	           0
20250723;	133336;	1753257816.000;	           0
20250723;	133338;	1753257818.000;	           0
20250723;	133340;	1753257820.000;	           0
20250723;	133342;	1753257822.000;	           0
20250723;	133344;	1753257824.000;	           0
20250723;	133346;	1753257826.000;	           0
20250723;	133348;	1753257828.000;	           0
20250723;	133350;	1753257830.000;	           0
20250723;	133352;	1753257832.000;	           0
20250723;	133354;	1753257834.000;	           0
20250723;	133356;	1753257836.000;	           0
20250723;	133358;	1753257838.000;	           0
20250723;	133400;	1753257840.000;	           0
20250723;	133402;	1753257842.000;	           0
20250723;	133404;	1753257844.000;	           0
20250723;	133406;	1753257846.000;	           0
20250723;	133408;	1753257848.000;	           0
20250723;	133410;	1753257850.000;	           0
20250723;	133412;	1753257852.000;	           0
20250723;	133414;	1753257854.000;	           0
20250723;	133416;	1753257856.000;	           0
20250723;	133418;	1753257858.000;	           0
20250723;	133420;	1753257860.000;	           0
20250723;	133422;	1753257862.000;	           0
20250723;	133424;	1753257864.000;	           0
20250723;	133426;	1753257866.000;	           0
20250723;	133428;	1753257868.000;	           0
20250723;	133430;	1753257870.000;	           0
20250723;	133432;	1753257872.000;	           0
20250723;	133434;	1753257874.000;	           0
20250723;	133436;	1753257876.000;	           0
20250723;	133438;	1753257878.000;	           0
20250723;	133440;	1753257880.000;	           0
20250723;	133442;	1753257882.000;	           0
20250723;	133444;	1753257884.000;	           0
20250723;	133446;	1753257886.000;	           0
20250723;	133448;	1753257888.000;	           0
20250723;	133450;	1753257890.000;	           0
20250723;	133452;	1753257892.000;	           0
20250723;	133454;	1753257894.000;	           0
20250723;	133456;	1753257896.000;	           0
20250723;	133458;	1753257898.000;	           0
20250723;	133500;	1753257900.000;	           0
20250723;	133502;	1753257902.000;	           0
20250723;	133504;	1753257904.000;	           0
20250723;	133506;	1753257906.000;	           0
20250723;	133508;	1753257908.000;	           0
20250723;	133510;	1753257910.000;	           0
20250723;	133512;	1753257912.000;	           0
20250723;	133514;	1753257914.000;	           0
20250723;	133516;	1753257916.000;	           0
20250723;	133518;	1753257918.000;	           0
20250723;	133520;	1753257920.000;	           0
20250723;	133522;	1753257922.000;	           0
20250723;	133524;	1753257924.000;	           0
20250723;	133526;	1753257926.000;	           0
20250723;	133528;	1753257928.000;	           0
20250723;	133530;	1753257930.000;	           0
20250723;	133532;	1753257932.000;	           0
20250723;	133534;	1753257934.000;	           0
20250723;	133536;	1753257936.000;	           0
20250723;	133538;	1753257938.000;	           0
20250723;	133540;	1753257940.000;	           0
20250723;	133542;	1753257942.000;	           0
20250723;	133544;	1753257944.000;	           0
20250723;	133546;	1753257946.000;	           0
20250723;	133548;	1753257948.000;	           0
20250723;	133550;	1753257950.000;	           0
20250723;	133552;	1753257952.000;	           0
20250723;	133554;	1753257954.000;	           0
20250723;	133556;	1753257956.000;	           0
20250723;	133558;	1753257958.000;	           0
20250723;	133600;	1753257960.000;	           0
20250723;	133602;	1753257962.000;	           0
20250723;	133604;	1753257964.000;	           0
20250723;	133606;	1753257966.000;	           0
20250723;	133608;	1753257968.000;	           0
20250723;	133610;	1753257970.000;	           0
20250723;	133612;	1753257972.000;	           0
20250723;	133614;	1753257974.000;	           0
20250723;	133616;	1753257976.000;	           0
20250723;	133618;	1753257978.000;	           0
20250723;	133620;	1753257980.000;	           0
20250723;	133622;	1753257982.000;	           0
20250723;	133624;	1753257984.000;	           0
20250723;	133626;	1753257986.000;	           0
20250723;	133628;	1753257988.000;	           0
20250723;	133630;	1753257990.000;	           0
20250723;	133632;	1753257992.000;	           0
20250723;	133634;	1753257994.000;	           0
20250723;	133636;	1753257996.000;	           0
20250723;	133638;	1753257998.000;	           0
20250723;	133640;	1753258000.000;	           0
20250723;	133642;	1753258002.000;	           0
20250723;	133644;	1753258004.000;	           0
20250723;	133646;	1753258006.000;	           0
20250723;	133648;	1753258008.000;	           0
20250723;	133650;	1753258010.000;	           0
20250723;	133652;	1753258012.000;	           0
20250723;	133654;	1753258014.000;	           0
20250723;	133656;	1753258016.000;	           0
20250723;	133658;	1753258018.000;	           0
20250723;	133700;	1753258020.000;	           0
20250723;	133702;	1753258022.000;	           0
20250723;	133704;	1753258024.000;	           0
20250723;	133706;	1753258026.000;	           0
20250723;	133708;	1753258028.000;	           0
20250723;	133710;	1753258030.000;	           0
20250723;	133712;	1753258032.000;	           0
20250723;	133714;	1753258034.000;	           0
20250723;	133716;	1753258036.000;	           0
20250723;	133718;	1753258038.000;	           0
20250723;	133720;	1753258040.000;	           0
20250723;	133722;	1753258042.000;	           0
20250723;	133724;	1753258044.000;	           0
20250723;	133726;	1753258046.000;	           0
20250723;	133728;	1753258048.000;	           0
20250723;	133730;	1753258050.000;	           0
20250723;	133732;	1753258052.000;	           0
20250723;	133734;	1753258054.000;	           0
20250723;	133736;	1753258056.000;	           0
20250723;	133738;	1753258058.000;	           0
20250723;	133740;	1753258060.000;	           0
20250723;	133742;	1753258062.000;	           0
20250723;	133744;	1753258064.000;	           0
20250723;	133746;	1753258066.000;	           0
20250723;	133748;	1753258068.000;	           0
20250723;	133750;	1753258070.000;	           0
20250723;	133752;	1753258072.000;	           0
20250723;	133754;	1753258074.000;	           0
20250723;	133756;	1753258076.000;	           0
20250723;	133758;	1753258078.000;	           0
20250723;	133800;	1753258080.000;	           0
20250723;	133802;	1753258082.000;	           0
20250723;	133804;	1753258084.000;	           0
20250723;	133806;	1753258086.000;	           0
20250723;	133808;	1753258088.000;	           0
20250723;	133810;	1753258090.000;	           0
20250723;	133812;	1753258092.000;	           0
20250723;	133814;	1753258094.000;	           0
20250723;	133816;	1753258096.000;	           0
20250723;	133818;	1753258098.000;	           0
20250723;	133820;	1753258100.000;	           0
20250723;	133822;	1753258102.000;	           0
20250723;	133824;	1753258104.000;	           0
20250723;	133826;	1753258106.000;	           0
20250723;	133828;	1753258108.000;	           0
20250723;	133830;	1753258110.000;	           0
20250723;	133832;	1753258112.000;	           0
20250723;	133834;	1753258114.000;	           0
20250723;	133836;	1753258116.000;	           0
20250723;	133838;	1753258118.000;	           0
20250723;	133840;	1753258120.000;	           0
20250723;	133842;	1753258122.000;	           0
20250723;	133844;	1753258124.000;	           0
20250723;	133846;	1753258126.000;	           0
20250723;	133848;	1753258128.000;	           0
20250723;	133850;	1753258130.000;	           0
20250723;	133852;	1753258132.000;	           0
20250723;	133854;	1753258134.000;	           0
20250723;	133856;	1753258136.000;	           0
20250723;	133858;	1753258138.000;	           0
20250723;	133900;	1753258140.000;	           0
20250723;	133902;	1753258142.000;	           0
20250723;	133904;	1753258144.000;	           0
20250723;	133906;	1753258146.000;	           0
20250723;	133908;	1753258148.000;	           0
20250723;	133910;	1753258150.000;	           0
20250723;	133912;	1753258152.000;	           0
20250723;	133914;	1753258154.000;	           0
20250723;	133916;	1753258156.000;	           0
20250723;	133918;	1753258158.000;	           0
20250723;	133920;	1753258160.000;	           0
20250723;	133922;	1753258162.000;	           0
20250723;	133924;	1753258164.000;	           0
20250723;	133926;	1753258166.000;	           0
20250723;	133928;	1753258168.000;	           0
20250723;	133930;	1753258170.000;	           0
20250723;	133932;	1753258172.000;	           0
20250723;	133934;	1753258174.000;	           0
20250723;	133936;	1753258176.000;	           0
20250723;	133938;	1753258178.000;	           0
20250723;	133940;	1753258180.000;	           0
20250723;	133942;	1753258182.000;	           0
20250723;	133944;	1753258184.000;	           0
20250723;	133946;	1753258186.000;	           0
20250723;	133948;	1753258188.000;	           0
20250723;	133950;	1753258190.000;	           0
20250723;	133952;	1753258192.000;	           0
20250723;	133954;	1753258194.000;	           0
20250723;	133956;	1753258196.000;	           0
20250723;	133958;	1753258198.000;	           0
20250723;	134000;	1753258200.000;	           0
20250723;	134002;	1753258202.000;	           0
20250723;	134004;	1753258204.000;	           0
20250723;	134006;	1753258206.000;	           0
20250723;	134008;	1753258208.000;	           0
20250723;	134010;	1753258210.000;	           0
20250723;	134012;	1753258212.000;	           0
20250723;	134014;	1753258214.000;	           0
20250723;	134016;	1753258216.000;	           0
20250723;	134018;	1753258218.000;	           0
20250723;	134020;	1753258220.000;	           0
20250723;	134022;	1753258222.000;	           0
20250723;	134024;	1753258224.000;	           0
20250723;	134026;	1753258226.000;	           0
20250723;	134028;	1753258228.000;	           0
20250723;	134030;	1753258230.000;	           0
20250723;	134032;	1753258232.000;	           0
20250723;	134034;	1753258234.000;	           0
20250723;	134036;	1753258236.000;	           0
20250723;	134038;	1753258238.000;	           0
20250723;	134040;	1753258240.000;	           0
20250723;	134042;	1753258242.000;	           0
20250723;	134044;	1753258244.000;	           0
20250723;	134046;	1753258246.000;	           0
20250723;	134048;	1753258248.000;	           0
20250723;	134050;	1753258250.000;	           0
20250723;	134052;	1753258252.000;	           0
20250723;	134054;	1753258254.000;	           0
20250723;	134056;	1753258256.000;	           0
20250723;	134058;	1753258258.000;	           0
20250723;	134100;	1753258260.000;	           0
20250723;	134102;	1753258262.000;	           0
20250723;	134104;	1753258264.000;	           0
20250723;	134106;	1753258266.000;	           0
20250723;	134108;	1753258268.000;	           0
20250723;	134110;	1753258270.000;	           0
20250723;	134112;	1753258272.000;	       err32
20250723;	134114;	1753258274.000;	       err32
20250723;	134116;	1753258276.000;	       err32
20250723;	134118;	1753258278.000;	       err32
20250723;	134120;	1753258280.000;	       err32
20250723;	134122;	1753258282.000;	       err32
20250723;	134124;	1753258284.000;	       err32
20250723;	134126;	1753258286.000;	       err32
20250723;	134128;	1753258288.000;	       err32
20250723;	134130;	1753258290.000;	       err32
20250723;	134132;	1753258292.000;	       err32
20250723;	134134;	1753258294.000;	       err32
20250723;	134136;	1753258296.000;	       err32
20250723;	134138;	1753258298.000;	       err32
20250723;	134140;	1753258300.000;	       err32
20250723;	134142;	1753258302.000;	       err32
20250723;	134144;	1753258304.000;	       err32
20250723;	134146;	1753258306.000;	       err32
20250723;	134148;	1753258308.000;	       err32
20250723;	134150;	1753258310.000;	       err32
20250723;	134152;	1753258312.000;	       err32
20250723;	134154;	1753258314.000;	       err32
20250723;	134156;	1753258316.000;	       err32
20250723;	134158;	1753258318.000;	       err32
20250723;	134200;	1753258320.000;	       err32
20250723;	134202;	1753258322.000;	       err32
20250723;	134204;	1753258324.000;	       err32
20250723;	134206;	1753258326.000;	       err32
20250723;	134208;	1753258328.000;	       err32
20250723;	134210;	1753258330.000;	       err32
20250723;	134212;	1753258332.000;	        err7
20250723;	134214;	1753258334.000;	           0
20250723;	134216;	1753258336.000;	           0
20250723;	134218;	1753258338.000;	           0
20250723;	134220;	1753258340.000;	           0
20250723;	134222;	1753258342.000;	           0
20250723;	134224;	1753258344.000;	           0
20250723;	134226;	1753258346.000;	           0
20250723;	134228;	1753258348.000;	           0
20250723;	134230;	1753258350.000;	           0
20250723;	134232;	1753258352.000;	           0
20250723;	134234;	1753258354.000;	           0
20250723;	134236;	1753258356.000;	           0
20250723;	134238;	1753258358.000;	           0
20250723;	134240;	1753258360.000;	           0
20250723;	134242;	1753258362.000;	           0
20250723;	134244;	1753258364.000;	           0
20250723;	134246;	1753258366.000;	           0
20250723;	134248;	1753258368.000;	           0
20250723;	134250;	1753258370.000;	           0
20250723;	134252;	1753258372.000;	           0
20250723;	134254;	1753258374.000;	           0
20250723;	134256;	1753258376.000;	           0
20250723;	134258;	1753258378.000;	           0
20250723;	134300;	1753258380.000;	           0
20250723;	134302;	1753258382.000;	           0
20250723;	134304;	1753258384.000;	           0
20250723;	134306;	1753258386.000;	           0
20250723;	134308;	1753258388.000;	           0
20250723;	134310;	1753258390.000;	           0
20250723;	134312;	1753258392.000;	           0
20250723;	134314;	1753258394.000;	           0
20250723;	134316;	1753258396.000;	           0
20250723;	134318;	1753258398.000;	           0
20250723;	134320;	1753258400.000;	           0
20250723;	134322;	1753258402.000;	           0
20250723;	134324;	1753258404.000;	           0
20250723;	134326;	1753258406.000;	           0
20250723;	134328;	1753258408.000;	           0
20250723;	134330;	1753258410.000;	           0
20250723;	134332;	1753258412.000;	           0
20250723;	134334;	1753258414.000;	           0
20250723;	134336;	1753258416.000;	           0
20250723;	134338;	1753258418.000;	           0
20250723;	134340;	1753258420.000;	           0
20250723;	134342;	1753258422.000;	           0
20250723;	134344;	1753258424.000;	           0
20250723;	134346;	1753258426.000;	           0
20250723;	134348;	1753258428.000;	           0
20250723;	134350;	1753258430.000;	           0
20250723;	134352;	1753258432.000;	           0
20250723;	134354;	1753258434.000;	           0
20250723;	134356;	1753258436.000;	           0
20250723;	134358;	1753258438.000;	           0
20250723;	134400;	1753258440.000;	           0
20250723;	134402;	1753258442.000;	           0
20250723;	134404;	1753258444.000;	           0
20250723;	134406;	1753258446.000;	           0
20250723;	134408;	1753258448.000;	           0
20250723;	134410;	1753258450.000;	           0
20250723;	134412;	1753258452.000;	           0
20250723;	134414;	1753258454.000;	           0
20250723;	134416;	1753258456.000;	           0
20250723;	134418;	1753258458.000;	           0
20250723;	134420;	1753258460.000;	           0
20250723;	134422;	1753258462.000;	           0
20250723;	134424;	1753258464.000;	           0
20250723;	134426;	1753258466.000;	           0
20250723;	134428;	1753258468.000;	           0
20250723;	134430;	1753258470.000;	           0
20250723;	134432;	1753258472.000;	           0
20250723;	134434;	1753258474.000;	           0
20250723;	134436;	1753258476.000;	           0
20250723;	134438;	1753258478.000;	           0
20250723;	134440;	1753258480.000;	           0
20250723;	134442;	1753258482.000;	           0
20250723;	134444;	1753258484.000;	           0
20250723;	134446;	1753258486.000;	           0
20250723;	134448;	1753258488.000;	           0
20250723;	134450;	1753258490.000;	           0
20250723;	134452;	1753258492.000;	           0
20250723;	134454;	1753258494.000;	           0
20250723;	134456;	1753258496.000;	           0
20250723;	134458;	1753258498.000;	           0
20250723;	134500;	1753258500.000;	           0
20250723;	134502;	1753258502.000;	           0
20250723;	134504;	1753258504.000;	           0
20250723;	134506;	1753258506.000;	           0
20250723;	134508;	1753258508.000;	           0
20250723;	134510;	1753258510.000;	           0
20250723;	134512;	1753258512.000;	           0
20250723;	134514;	1753258514.000;	           0
20250723;	134516;	1753258516.000;	           0
20250723;	134518;	1753258518.000;	           0
20250723;	134520;	1753258520.000;	           0
20250723;	134522;	1753258522.000;	           0
20250723;	134524;	1753258524.000;	           0
20250723;	134526;	1753258526.000;	           0
20250723;	134528;	1753258528.000;	           0
20250723;	134530;	1753258530.000;	           0
20250723;	134532;	1753258532.000;	           0
20250723;	134534;	1753258534.000;	           0
20250723;	134536;	1753258536.000;	           0
20250723;	134538;	1753258538.000;	           0
20250723;	134540;	1753258540.000;	           0
20250723;	134542;	1753258542.000;	           0
20250723;	134544;	1753258544.000;	           0
20250723;	134546;	1753258546.000;	           0
20250723;	134548;	1753258548.000;	           0
20250723;	134550;	1753258550.000;	           0
20250723;	134552;	1753258552.000;	           0
20250723;	134554;	1753258554.000;	           0
20250723;	134556;	1753258556.000;	           0
20250723;	134558;	1753258558.000;	           0
20250723;	134600;	1753258560.000;	           0
20250723;	134602;	1753258562.000;	           0
20250723;	134604;	1753258564.000;	           0
20250723;	134606;	1753258566.000;	           0
20250723;	134608;	1753258568.000;	           0
20250723;	134610;	1753258570.000;	           0
20250723;	134612;	1753258572.000;	           0
20250723;	134614;	1753258574.000;	           0
20250723;	134616;	1753258576.000;	           0
20250723;	134618;	1753258578.000;	           0
20250723;	134620;	1753258580.000;	           0
20250723;	134622;	1753258582.000;	           0
20250723;	134624;	1753258584.000;	           0
20250723;	134626;	1753258586.000;	           0
20250723;	134628;	1753258588.000;	           0
20250723;	134630;	1753258590.000;	           0
20250723;	134632;	1753258592.000;	           0
20250723;	134634;	1753258594.000;	           0
20250723;	134636;	1753258596.000;	           0
20250723;	134638;	1753258598.000;	           0
20250723;	134640;	1753258600.000;	           0
20250723;	134642;	1753258602.000;	           0
20250723;	134644;	1753258604.000;	           0
20250723;	134646;	1753258606.000;	           0
20250723;	134648;	1753258608.000;	           0
20250723;	134650;	1753258610.000;	           0
20250723;	134652;	1753258612.000;	           0
20250723;	134654;	1753258614.000;	           0
20250723;	134656;	1753258616.000;	           0
20250723;	134658;	1753258618.000;	           0
20250723;	134700;	1753258620.000;	           0
20250723;	134702;	1753258622.000;	           0
20250723;	134704;	1753258624.000;	           0
20250723;	134706;	1753258626.000;	           0
20250723;	134708;	1753258628.000;	           0
20250723;	134710;	1753258630.000;	           0
20250723;	134712;	1753258632.000;	           0
20250723;	134714;	1753258634.000;	           0
20250723;	134716;	1753258636.000;	           0
20250723;	134718;	1753258638.000;	           0
20250723;	134720;	1753258640.000;	           0
20250723;	134722;	1753258642.000;	           0
20250723;	134724;	1753258644.000;	           0
20250723;	134726;	1753258646.000;	           0
20250723;	134728;	1753258648.000;	           0
20250723;	134730;	1753258650.000;	           0
20250723;	134732;	1753258652.000;	           0
20250723;	134734;	1753258654.000;	           0
20250723;	134736;	1753258656.000;	           0
20250723;	134738;	1753258658.000;	           0
20250723;	134740;	1753258660.000;	           0
20250723;	134742;	1753258662.000;	           0
20250723;	134744;	1753258664.000;	           0
20250723;	134746;	1753258666.000;	           0
20250723;	134748;	1753258668.000;	           0
20250723;	134750;	1753258670.000;	           0
20250723;	134752;	1753258672.000;	           0
20250723;	134754;	1753258674.000;	           0
20250723;	134756;	1753258676.000;	           0
20250723;	134758;	1753258678.000;	           0
20250723;	134800;	1753258680.000;	           0
20250723;	134802;	1753258682.000;	           0
20250723;	134804;	1753258684.000;	           0
20250723;	134806;	1753258686.000;	           0
20250723;	134808;	1753258688.000;	           0
20250723;	134810;	1753258690.000;	           0
20250723;	134812;	1753258692.000;	           0
20250723;	134814;	1753258694.000;	           0
20250723;	134816;	1753258696.000;	           0
20250723;	134818;	1753258698.000;	           0
20250723;	134820;	1753258700.000;	           0
20250723;	134822;	1753258702.000;	           0
20250723;	134824;	1753258704.000;	           0
20250723;	134826;	1753258706.000;	           0
20250723;	134828;	1753258708.000;	           0
20250723;	134830;	1753258710.000;	           0
20250723;	134832;	1753258712.000;	           0
20250723;	134834;	1753258714.000;	           0
20250723;	134836;	1753258716.000;	           0
20250723;	134838;	1753258718.000;	           0
20250723;	134840;	1753258720.000;	           0
20250723;	134842;	1753258722.000;	           0
20250723;	134844;	1753258724.000;	           0
20250723;	134846;	1753258726.000;	           0
20250723;	134848;	1753258728.000;	           0
20250723;	134850;	1753258730.000;	           0
20250723;	134852;	1753258732.000;	           0
20250723;	134854;	1753258734.000;	           0
20250723;	134856;	1753258736.000;	           0
20250723;	134858;	1753258738.000;	           0
20250723;	134900;	1753258740.000;	           0
20250723;	134902;	1753258742.000;	           0
20250723;	134904;	1753258744.000;	           0
20250723;	134906;	1753258746.000;	           0
20250723;	134908;	1753258748.000;	           0
20250723;	134910;	1753258750.000;	           0
20250723;	134912;	1753258752.000;	           0
20250723;	134914;	1753258754.000;	           0
20250723;	134916;	1753258756.000;	           0
20250723;	134918;	1753258758.000;	           0
20250723;	134920;	1753258760.000;	           0
20250723;	134922;	1753258762.000;	           0
20250723;	134924;	1753258764.000;	           0
20250723;	134926;	1753258766.000;	           0
20250723;	134928;	1753258768.000;	           0
20250723;	134930;	1753258770.000;	           0
20250723;	134932;	1753258772.000;	           0
20250723;	134934;	1753258774.000;	           0
20250723;	134936;	1753258776.000;	           0
20250723;	134938;	1753258778.000;	           0
